   9.9895695e-01
   9.9414500e-01
   9.7982768e-01
   9.5635261e-01
   9.2427498e-01
   8.8432522e-01
   8.3737004e-01
   7.8437131e-01
   7.2634624e-01
   6.6433127e-01
   5.9935116e-01
   5.3239378e-01
   4.6439056e-01
   3.9620237e-01
   3.2861005e-01
   2.6230906e-01
   1.9790754e-01
   1.3592693e-01
   7.6804688e-02
   2.0898278e-02
  -3.1509802e-02
  -8.0206499e-02
  -1.2504240e-01
  -1.6592588e-01
  -2.0281732e-01
  -2.3572348e-01
  -2.6469217e-01
  -2.8980713e-01
  -3.1118322e-01
  -3.2896188e-01
  -3.4330685e-01
  -3.5440023e-01
  -3.6243863e-01
  -3.6762979e-01
  -3.7018921e-01
  -3.7033717e-01
  -3.6829593e-01
  -3.6428713e-01
  -3.5852947e-01
  -3.5123664e-01
  -3.4261542e-01
  -3.3286410e-01
  -3.2217113e-01
  -3.1071401e-01
  -2.9865839e-01
  -2.8615746e-01
  -2.7335154e-01
  -2.6036786e-01
  -2.4732059e-01
  -2.3431095e-01
  -2.2142764e-01
  -2.0874719e-01
  -1.9633462e-01
  -1.8424408e-01
  -1.7251960e-01
  -1.6119587e-01
  -1.5029907e-01
  -1.3984774e-01
  -1.2985359e-01
  -1.2032234e-01
  -1.1125455e-01
  -1.0264638e-01
  -9.4490304e-02
  -8.6775834e-02
  -7.9490115e-02
  -7.2618515e-02
  -6.6145133e-02
  -6.0053248e-02
  -5.4325723e-02
  -4.8945327e-02
  -4.3895026e-02
  -3.9158202e-02
  -3.4718839e-02
  -3.0561649e-02
  -2.6672173e-02
  -2.3036836e-02
  -1.9642979e-02
  -1.6478856e-02
  -1.3533617e-02
  -1.0797269e-02
  -8.2606195e-03
  -5.9152128e-03
  -3.7532565e-03
  -1.7675414e-03
   4.8640792e-05
   1.7015804e-03
   3.1972310e-03
   4.5412885e-03
   5.7392649e-03
   6.7965568e-03
   7.7185071e-03
   8.5104585e-03
   9.1777980e-03
   9.7259921e-03
   1.0160611e-02
   1.0487344e-02
   1.0712002e-02
   1.0840517e-02
   1.0878926e-02
   1.0833356e-02
   1.0710001e-02
   1.0515092e-02
   1.0254873e-02
   9.9355682e-03
   9.5633519e-03
   9.1443207e-03
   8.6844639e-03
   8.1896358e-03
   7.6655290e-03
   7.1176485e-03
   6.5512863e-03
   5.9714964e-03
   5.3830717e-03
   4.7905227e-03
   4.1980581e-03
   3.6095698e-03
   3.0286210e-03
   2.4584393e-03
   1.9019144e-03
   1.3616003e-03
   8.3972209e-04
   3.3818665e-04
  -1.4140286e-04
  -5.9773020e-04
  -1.0297475e-03
  -1.4366557e-03
  -1.8178856e-03
  -2.1730788e-03
  -2.5020706e-03
  -2.8048728e-03
  -3.0816592e-03
  -3.3327512e-03
  -3.5586041e-03
  -3.7597950e-03
  -3.9370094e-03
  -4.0910286e-03
  -4.2227158e-03
  -4.3330024e-03
  -4.4228737e-03
  -4.4933548e-03
  -4.5454975e-03
  -4.5803686e-03
  -4.5990386e-03
  -4.6025743e-03
  -4.5920315e-03
  -4.5684508e-03
  -4.5328552e-03
  -4.4862485e-03
  -4.4296149e-03
  -4.3639189e-03
  -4.2901041e-03
  -4.2090921e-03
  -4.1217791e-03
  -4.0290327e-03
  -3.9316876e-03
  -3.8305408e-03
  -3.7263476e-03
  -3.6198168e-03
  -3.5116071e-03
  -3.4023233e-03
  -3.2925130e-03
  -3.1826637e-03
  -3.0732011e-03
  -2.9644879e-03
  -2.8568239e-03
  -2.7504479e-03
  -2.6455407e-03
  -2.5422314e-03
  -2.4406041e-03
  -2.3407073e-03
  -2.2425637e-03
  -2.1461808e-03
  -2.0515603e-03
  -1.9587066e-03
  -1.8676341e-03
  -1.7783709e-03
  -1.6909621e-03
  -1.6054689e-03
  -1.5219678e-03
  -1.4405466e-03
  -1.3613008e-03
  -1.2843290e-03
  -1.2097281e-03
  -1.1375903e-03
  -1.0679992e-03
  -1.0010284e-03
  -9.3673953e-04
  -8.7518197e-04
  -8.1639279e-04
  -7.6039713e-04
  -7.0720877e-04
  -6.5683074e-04
  -6.0925568e-04
  -5.6446604e-04
  -5.2243419e-04
  -4.8312267e-04
  -4.4648468e-04
  -4.1246504e-04
  -3.8100157e-04
  -3.5202691e-04
  -3.2547059e-04
  -3.0126116e-04
  -2.7932815e-04
  -2.5960387e-04
  -2.4202494e-04
  -2.2653371e-04
  -2.1307955e-04
  -2.0162001e-04
  -1.9212179e-04
  -1.8456111e-04
  -1.7892338e-04
  -1.7520183e-04
  -1.7339514e-04
  -1.7350387e-04
  -1.7552608e-04
  -1.7945225e-04
  -1.8526025e-04
  -1.9291085e-04
  -2.0234449e-04
  -2.1347985e-04
  -2.2621452e-04
  -2.4042773e-04
  -2.5598467e-04
  -2.7274190e-04
  -2.9055277e-04
  -3.0927238e-04
  -3.2876127e-04
  -3.4888757e-04
  -3.6952758e-04
  -3.9056503e-04
  -4.1188912e-04
  -4.3339201e-04
  -4.5496592e-04
  -4.7650026e-04
  -4.9787917e-04
  -5.1897965e-04
  -5.3967041e-04
  -5.5981132e-04
  -5.7925344e-04
  -5.9783942e-04
  -6.1540420e-04
  -6.3177606e-04
  -6.4677822e-04
  -6.6023123e-04
  -6.7195634e-04
  -6.8177994e-04
  -6.8953902e-04
  -6.9508720e-04
  -6.9830101e-04
  -6.9908589e-04
  -6.9738136e-04
  -6.9316498e-04
  -6.8645468e-04
  -6.7730903e-04
  -6.6582561e-04
  -6.5213724e-04
  -6.3640679e-04
  -6.1882083e-04
  -5.9958292e-04
  -5.7890722e-04
  -5.5701289e-04
  -5.3411951e-04
  -5.1044386e-04
  -4.8619751e-04
  -4.6158513e-04
  -4.3680305e-04
  -4.1203765e-04
  -3.8746361e-04
  -3.6324199e-04
  -3.3951867e-04
  -3.1642340e-04
  -2.9406978e-04
  -2.7255648e-04
  -2.5196936e-04
  -2.3238428e-04
  -2.1386964e-04
  -1.9648851e-04
  -1.8029957e-04
  -1.6535690e-04
  -1.5170881e-04
  -1.3939575e-04
  -1.2844800e-04
  -1.1888337e-04
  -1.1070540e-04
  -1.0390200e-04
  -9.8444680e-05
  -9.4288231e-05
  -9.1370496e-05
  -8.9612282e-05
  -8.8917313e-05
  -8.9172330e-05
  -9.0247590e-05
  -9.1998058e-05
  -9.4265646e-05
  -9.6882661e-05
  -9.9676554e-05
  -1.0247581e-04
  -1.0511658e-04
  -1.0744951e-04
  -1.0934611e-04
  -1.1070426e-04
  -1.1145212e-04
  -1.1155055e-04
  -1.1099355e-04
  -1.0980701e-04
  -1.0804585e-04
  -1.0578979e-04
  -1.0313839e-04
  -1.0020555e-04
  -9.7114081e-05
  -9.3990668e-05
  -9.0961246e-05
  -8.8146883e-05
  -8.5660022e-05
  -8.3601004e-05
  -8.2054804e-05
  -8.1088027e-05
  -8.0746304e-05
  -8.1052233e-05
  -8.2004098e-05
  -8.3575527e-05
  -8.5716170e-05
  -8.8353315e-05
  -9.1394215e-05
  -9.4728878e-05
  -9.8233032e-05
  -1.0177117e-04
  -1.0519972e-04
  -1.0837053e-04
  -1.1113489e-04
  -1.1334813e-04
  -1.1487479e-04
  -1.1559394e-04
  -1.1540426e-04
  -1.1422819e-04
  -1.1201485e-04
  -1.0874129e-04
  -1.0441204e-04
  -9.9057088e-05
  -9.2728696e-05
  -8.5497450e-05
  -7.7448078e-05
  -6.8675415e-05
  -5.9280850e-05
  -4.9369403e-05
  -3.9047499e-05
  -2.8421410e-05
  -1.7596248e-05
  -6.6753162e-06
   4.2403846e-06
   1.5052646e-05
   2.5666629e-05
   3.5991468e-05
   4.5940769e-05
   5.5432836e-05
   6.4390476e-05
   7.2740368e-05
   8.0412132e-05
   8.7337305e-05
   9.3448480e-05
   9.8678890e-05
   1.0296267e-04
   1.0623594e-04
   1.0843877e-04
   1.0951779e-04
   1.0942937e-04
   1.0814290e-04
   1.0564395e-04
   1.0193694e-04
   9.7047042e-05
   9.1021002e-05
   8.3927059e-05
   7.5853864e-05
   6.6908668e-05
   5.7215039e-05
   4.6910387e-05
   3.6143474e-05
   2.5071981e-05
   1.3860047e-05
   2.6755968e-06
  -8.3127144e-06
  -1.8938957e-05
  -2.9043639e-05
  -3.8477395e-05
  -4.7104269e-05
  -5.4804289e-05
  -6.1475190e-05
  -6.7033314e-05
  -7.1413934e-05
  -7.4571263e-05
  -7.6478368e-05
  -7.7127072e-05
  -7.6527763e-05
  -7.4709056e-05
  -7.1717336e-05
  -6.7616261e-05
  -6.2486238e-05
  -5.6423893e-05
  -4.9541452e-05
  -4.1965831e-05
  -3.3837261e-05
  -2.5307278e-05
  -1.6535949e-05
  -7.6883835e-06
   1.0692607e-06
   9.5740894e-06
   1.7670806e-05
   2.5215755e-05
   3.2080441e-05
   3.8154283e-05
   4.3346497e-05
   4.7587161e-05
   5.0827686e-05
   5.3040963e-05
   5.4221408e-05
   5.4385061e-05
   5.3569683e-05
   5.1834624e-05
   4.9260135e-05
   4.5945794e-05
   4.2007783e-05
   3.7574922e-05
   3.2783532e-05
   2.7771482e-05
   2.2671908e-05
   1.7607286e-05
   1.2684435e-05
   7.9909557e-06
   3.5933945e-06
  -4.6281327e-07
  -4.1517341e-06
  -7.4639795e-06
  -1.0402873e-05
  -1.2980317e-05
  -1.5212989e-05
  -1.7119379e-05
  -1.8718053e-05
  -2.0027236e-05
  -2.1065553e-05
  -2.1853598e-05
  -2.2415763e-05
  -2.2781777e-05
  -2.2987428e-05
  -2.3074171e-05
  -2.3087520e-05
  -2.3074410e-05
  -2.3079868e-05
  -2.3143462e-05
  -2.3295957e-05
  -2.3556517e-05
  -2.3930571e-05
  -2.4408395e-05
  -2.4964374e-05
  -2.5556953e-05
  -2.6129357e-05
  -2.6611170e-05
  -2.6920913e-05
  -2.6969663e-05
  -2.6665607e-05
  -2.5919276e-05
  -2.4649025e-05
  -2.2786300e-05
  -2.0280247e-05
  -1.7101317e-05
  -1.3243663e-05
  -8.7262790e-06
  -3.5928835e-06
   2.0893678e-06
   8.2321966e-06
   1.4729362e-05
   2.1460486e-05
   2.8295393e-05
   3.5098849e-05
   4.1735516e-05
   4.8074966e-05
   5.3996541e-05
   5.9393870e-05
   6.4178790e-05
   6.8284428e-05
   7.1667219e-05
   7.4307708e-05
   7.6210109e-05
   7.7400826e-05
   7.7926279e-05
   7.7850440e-05
   7.7252424e-05
   7.6224322e-05
   7.4869284e-05
   7.3299655e-05
   7.1634852e-05
   6.9998676e-05
   6.8515782e-05
   6.7307257e-05
   6.6485459e-05
   6.6148469e-05
   6.6374664e-05
   6.7218064e-05
   6.8705044e-05
   7.0832908e-05
   7.3570621e-05
   7.6861692e-05
   8.0628860e-05
   8.4780002e-05
   8.9214579e-05
   9.3829882e-05
   9.8526442e-05
   1.0321220e-04
   1.0780527e-04
   1.1223539e-04
   1.1644446e-04
   1.2038650e-04
   1.2402723e-04
   1.2734349e-04
   1.3032247e-04
   1.3296073e-04
   1.3526273e-04
   1.3723887e-04
   1.3890287e-04
   1.4026865e-04
   1.4134705e-04
   1.4214278e-04
   1.4265204e-04
   1.4286125e-04
   1.4274715e-04
   1.4227830e-04
   1.4141784e-04
   1.4012721e-04
   1.3837045e-04
   1.3611848e-04
   1.3335315e-04
   1.3007067e-04
   1.2628421e-04
   1.2202556e-04
   1.1734576e-04
   1.1231472e-04
   1.0701976e-04
   1.0156326e-04
   9.6059417e-05
   9.0630353e-05
   8.5401644e-05
   8.0497562e-05
   7.6036131e-05
   7.2124180e-05
   6.8852515e-05
   6.6291453e-05
   6.4486984e-05
   6.3457880e-05
   6.3194003e-05
   6.3656032e-05
   6.4776766e-05
   6.6464036e-05
   6.8605110e-05
   7.1072364e-05
   7.3729885e-05
   7.6440513e-05
   7.9072816e-05
   8.1507537e-05
   8.3643160e-05
   8.5400410e-05
   8.6725654e-05
   8.7593259e-05
   8.8006899e-05
   8.7999775e-05
   8.7633602e-05
   8.6996166e-05
   8.6197388e-05
   8.5363988e-05
   8.4632948e-05
   8.4144245e-05
   8.4033327e-05
   8.4423845e-05
   8.5421038e-05
   8.7106080e-05
   8.9531633e-05
   9.2718776e-05
   9.6655452e-05
   1.0129644e-04
   1.0656478e-04
   1.1235441e-04
   1.1853387e-04
   1.2495067e-04
   1.3143637e-04
   1.3781213e-04
   1.4389489e-04
   1.4950394e-04
   1.5446790e-04
   1.5863157e-04
   1.6186222e-04
   1.6405469e-04
   1.6513480e-04
   1.6506078e-04
   1.6382273e-04
   1.6143999e-04
   1.5795711e-04
   1.5343857e-04
   1.4796311e-04
   1.4161812e-04
   1.3449468e-04
   1.2668356e-04
   1.1827231e-04
   1.0934335e-04
   9.9972529e-05
   9.0228072e-05
   8.0169372e-05
   6.9845780e-05
   5.9295463e-05
   4.8544577e-05
   3.7607061e-05
   2.6485323e-05
   1.5171964e-05
   3.6525924e-06
  -8.0903924e-06
  -2.0073248e-05
  -3.2305869e-05
  -4.4786731e-05
  -5.7498281e-05
  -7.0403305e-05
  -8.3442679e-05
  -9.6534749e-05
  -1.0957642e-04
  -1.2244584e-04
  -1.3500629e-04
  -1.4711100e-04
  -1.5860830e-04
  -1.6934669e-04
  -1.7917943e-04
  -1.8796841e-04
  -1.9558711e-04
  -2.0192274e-04
  -2.0687791e-04
  -2.1037209e-04
  -2.1234313e-04
  -2.1274912e-04
  -2.1157056e-04
  -2.0881268e-04
  -2.0450761e-04
  -1.9871611e-04
  -1.9152849e-04
  -1.8306431e-04
  -1.7347083e-04
  -1.6292008e-04
  -1.5160463e-04
  -1.3973231e-04
  -1.2752008e-04
  -1.1518733e-04
  -1.0294896e-04
  -9.1008627e-05
  -7.9552355e-05
  -6.8743132e-05
  -5.8716547e-05
  -4.9577714e-05
  -4.1399553e-05
  -3.4222337e-05
  -2.8054347e-05
  -2.2873486e-05
  -1.8629657e-05
  -1.5247804e-05
  -1.2631561e-05
  -1.0667462e-05
  -9.2297368e-06
  -8.1856157e-06
  -7.4010162e-06
  -6.7463453e-06
  -6.1020681e-06
  -5.3636947e-06
  -4.4459133e-06
  -3.2857005e-06
  -1.8443532e-06
  -1.0842275e-07
   1.9104084e-06
   4.1764549e-06
   6.6321303e-06
   9.2009161e-06
   1.1791018e-05
   1.4299517e-05
   1.6616784e-05
   1.8630932e-05
   2.0232138e-05
   2.1316704e-05
   2.1790765e-05
   2.1573550e-05
   2.0600114e-05
   1.8823500e-05
   1.6216364e-05
   1.2772176e-05
   8.5060496e-06
   3.4551579e-06
  -2.3213760e-06
  -8.7432680e-06
  -1.5710625e-05
  -2.3106240e-05
  -3.0798512e-05
  -3.8644810e-05
  -4.6495062e-05
  -5.4195388e-05
  -6.1591749e-05
  -6.8533611e-05
  -7.4877667e-05
  -8.0491605e-05
  -8.5257919e-05
  -8.9077741e-05
  -9.1874581e-05
  -9.3597755e-05
  -9.4225177e-05
  -9.3765080e-05
  -9.2256257e-05
  -8.9766527e-05
  -8.6389412e-05
  -8.2239235e-05
  -7.7445042e-05
  -7.2143860e-05
  -6.6473811e-05
  -6.0567581e-05
  -5.4546660e-05
  -4.8516609e-05
  -4.2563556e-05
  -3.6752127e-05
  -3.1124905e-05
  -2.5703456e-05
  -2.0490838e-05
  -1.5475366e-05
  -1.0635240e-05
  -5.9434817e-06
  -1.3725353e-06
   3.1020577e-06
   7.4992879e-06
   1.1831687e-05
   1.6105477e-05
   2.0321435e-05
   2.4475926e-05
   2.8561712e-05
   3.2568297e-05
   3.6481869e-05
   4.0285117e-05
   4.3957258e-05
   4.7474630e-05
   5.0811984e-05
   5.3944471e-05
   5.6850114e-05
   5.9512436e-05
   6.1922942e-05
   6.4083135e-05
   6.6005754e-05
   6.7714955e-05
   6.9245245e-05
   7.0639068e-05
   7.1943115e-05
   7.3203606e-05
   7.4460989e-05
   7.5744602e-05
   7.7067869e-05
   7.8424479e-05
   7.9785930e-05
   8.1100693e-05
   8.2295232e-05
   8.3276896e-05
   8.3938555e-05
   8.4164689e-05
   8.3838414e-05
   8.2848805e-05
   8.1097858e-05
   7.8506521e-05
   7.5019378e-05
   7.0607824e-05
   6.5271754e-05
   5.9039951e-05
   5.1969436e-05
   4.4144011e-05
   3.5672093e-05
   2.6683827e-05
   1.7327435e-05
   7.7647215e-06
  -1.8341702e-06
  -1.1296600e-05
  -2.0453622e-05
  -2.9146159e-05
  -3.7230734e-05
  -4.4584338e-05
  -5.1108094e-05
  -5.6729500e-05
  -6.1403291e-05
  -6.5111165e-05
  -6.7860829e-05
  -6.9684756e-05
  -7.0638968e-05
  -7.0801891e-05
  -7.0273109e-05
  -6.9171691e-05
  -6.7633794e-05
  -6.5809348e-05
  -6.3857897e-05
  -6.1943846e-05
  -6.0231394e-05
  -5.8879392e-05
  -5.8036258e-05
  -5.7835009e-05
  -5.8388483e-05
  -5.9784844e-05
  -6.2083638e-05
  -6.5312675e-05
  -6.9465996e-05
  -7.4503208e-05
  -8.0350270e-05
  -8.6901682e-05
  -9.4023857e-05
  -1.0155938e-04
  -1.0933186e-04
  -1.1715114e-04
  -1.2481875e-04
  -1.3213341e-04
  -1.3889653e-04
  -1.4491729e-04
  -1.5001711e-04
  -1.5403327e-04
  -1.5682146e-04
  -1.5825732e-04
  -1.5823706e-04
  -1.5667721e-04
  -1.5351402e-04
  -1.4870246e-04
  -1.4221545e-04
  -1.3404318e-04
  -1.2419270e-04
  -1.1268760e-04
  -9.9567656e-05
  -8.4888428e-05
  -6.8720627e-05
  -5.1149388e-05
  -3.2273442e-05
  -1.2204285e-05
   8.9346159e-06
   3.1008518e-05
   5.3871987e-05
   7.7369371e-05
   1.0133524e-04
   1.2559486e-04
   1.4996492e-04
   1.7425457e-04
   1.9826711e-04
   2.2180237e-04
   2.4465989e-04
   2.6664252e-04
   2.8756036e-04
   3.0723448e-04
   3.2550030e-04
   3.4221031e-04
   3.5723598e-04
   3.7046896e-04
   3.8182133e-04
   3.9122495e-04
   3.9862994e-04
   4.0400238e-04
   4.0732154e-04
   4.0857707e-04
   4.0776665e-04
   4.0489443e-04
   3.9997051e-04
   3.9301125e-04
   3.8404030e-04
   3.7308963e-04
   3.6020051e-04
   3.4542391e-04
   3.2882049e-04
   3.1046014e-04
   2.9042127e-04
   2.6879028e-04
   2.4566130e-04
   2.2113661e-04
   1.9532795e-04
   1.6835874e-04
   1.4036733e-04
   1.1151055e-04
   8.1967391e-05
   5.1941706e-05
   2.1663584e-05
  -8.6113468e-06
  -3.8604929e-05
  -6.8021856e-05
  -9.6557156e-05
  -1.2390523e-04
  -1.4976966e-04
  -1.7387269e-04
  -1.9596370e-04
  -2.1582574e-04
  -2.3327992e-04
  -2.4818769e-04
  -2.6045120e-04
  -2.7001250e-04
  -2.7685199e-04
  -2.8098669e-04
  -2.8246848e-04
  -2.8138249e-04
  -2.7784532e-04
  -2.7200275e-04
  -2.6402681e-04
  -2.5411175e-04
  -2.4246918e-04
  -2.2932236e-04
  -2.1490027e-04
  -1.9943181e-04
  -1.8314065e-04
  -1.6624102e-04
  -1.4893472e-04
  -1.3140912e-04
  -1.1383631e-04
  -9.6372955e-05
  -7.9160773e-05
  -6.2327254e-05
  -4.5986453e-05
  -3.0239711e-05
  -1.5176269e-05
  -8.7388241e-07
   1.2600503e-05
   2.5189844e-05
   3.6845840e-05
   4.7527557e-05
   5.7199884e-05
   6.5831932e-05
   7.3395458e-05
   7.9863413e-05
   8.5208648e-05
   8.9402962e-05
   9.2416585e-05
   9.4218217e-05
   9.4775658e-05
   9.4057091e-05
   9.2033003e-05
   8.8678729e-05
   8.3977584e-05
   7.7924524e-05
   7.0530186e-05
   6.1825052e-05
   5.1863483e-05
   4.0727309e-05
   2.8528622e-05
   1.5411435e-05
   1.5518945e-06
  -1.2843197e-05
  -2.7539763e-05
  -4.2281713e-05
  -5.6797918e-05
  -7.0810498e-05
  -8.4043936e-05
  -9.6234417e-05
  -1.0713886e-04
  -1.1654312e-04
  -1.2426892e-04
  -1.3017921e-04
  -1.3418181e-04
  -1.3623121e-04
  -1.3632875e-04
  -1.3452127e-04
  -1.3089838e-04
  -1.2558865e-04
  -1.1875477e-04
  -1.1058770e-04
  -1.0130019e-04
  -9.1119588e-05
  -8.0280437e-05
  -6.9016882e-05
  -5.7555326e-05
  -4.6107545e-05
  -3.4864595e-05
  -2.3991858e-05
  -1.3625520e-05
  -3.8707176e-06
   5.1985098e-06
   1.3537469e-05
   2.1127409e-05
   2.7970763e-05
   3.4085488e-05
   3.9499031e-05
   4.4242513e-05
   4.8345708e-05
   5.1833273e-05
   5.4722523e-05
   5.7022790e-05
   5.8736136e-05
   5.9859081e-05
   6.0384897e-05
   6.0306065e-05
   5.9616571e-05
   5.8313759e-05
   5.6399605e-05
   5.3881438e-05
   5.0772289e-05
   4.7091134e-05
   4.2863337e-05
   3.8121651e-05
   3.2907946e-05
   2.7275634e-05
   2.1292529e-05
   1.5043730e-05
   8.6339727e-06
   2.1888993e-06
  -4.1452193e-06
  -1.0203577e-05
  -1.5806729e-05
  -2.0766016e-05
  -2.4890161e-05
  -2.7992674e-05
  -2.9899886e-05
  -3.0458648e-05
  -2.9544156e-05
  -2.7067058e-05
  -2.2978923e-05
  -1.7276082e-05
  -1.0001449e-05
  -1.2442962e-06
   8.8619035e-06
   2.0143318e-05
   3.2391043e-05
   4.5367637e-05
   5.8814747e-05
   7.2461651e-05
   8.6034393e-05
   9.9265014e-05
   1.1190032e-04
   1.2370957e-04
   1.3449060e-04
   1.4407399e-04
   1.5232535e-04
   1.5914566e-04
   1.6447023e-04
   1.6826627e-04
   1.7052974e-04
   1.7128159e-04
   1.7056386e-04
   1.6843574e-04
   1.6496976e-04
   1.6024837e-04
   1.5436080e-04
   1.4740039e-04
   1.3946246e-04
   1.3064255e-04
   1.2103520e-04
   1.1073307e-04
   9.9826321e-05
   8.8402288e-05
   7.6545129e-05
   6.4335634e-05
   5.1851134e-05
   3.9165549e-05
   2.6349564e-05
   1.3470847e-05
   5.9419880e-07
  -1.2218432e-05
  -2.4908120e-05
  -3.7419305e-05
  -4.9700299e-05
  -6.1703886e-05
  -7.3387958e-05
  -8.4716069e-05
  -9.5657755e-05
  -1.0618842e-04
  -1.1628859e-04
  -1.2594248e-04
  -1.3513565e-04
  -1.4385228e-04
  -1.5207201e-04
  -1.5976710e-04
  -1.6690021e-04
  -1.7342314e-04
  -1.7927664e-04
  -1.8439125e-04
  -1.8868895e-04
  -1.9208537e-04
  -1.9449245e-04
  -1.9582150e-04
  -1.9598661e-04
  -1.9490850e-04
  -1.9251869e-04
  -1.8876373e-04
  -1.8360929e-04
  -1.7704355e-04
  -1.6907976e-04
  -1.5975761e-04
  -1.4914347e-04
  -1.3732943e-04
  -1.2443118e-04
  -1.1058503e-04
  -9.5944235e-05
  -8.0675047e-05
  -6.4952786e-05
  -4.8958150e-05
  -3.2873838e-05
  -1.6881423e-05
  -1.1582827e-06
   1.4125517e-05
   2.8810432e-05
   4.2750579e-05
   5.5816590e-05
   6.7897920e-05
   7.8904448e-05
   8.8767353e-05
   9.7439335e-05
   1.0489434e-04
   1.1112699e-04
   1.1615175e-04
   1.2000189e-04
   1.2272808e-04
   1.2439644e-04
   1.2508601e-04
   1.2488542e-04
   1.2388894e-04
   1.2219226e-04
   1.1988823e-04
   1.1706322e-04
   1.1379450e-04
   1.1014894e-04
   1.0618304e-04
   1.0194408e-04
   9.7472016e-05
   9.2801884e-05
   8.7966123e-05
   8.2996712e-05
   7.7926757e-05
   7.2791459e-05
   6.7628421e-05
   6.2477351e-05
   5.7379361e-05
   5.2376017e-05
   4.7508349e-05
   4.2815945e-05
   3.8336185e-05
   3.4103704e-05
   3.0150103e-05
   2.6503839e-05
   2.3190199e-05
   2.0231224e-05
   1.7645411e-05
   1.5447166e-05
   1.3645971e-05
   1.2245436e-05
   1.1242531e-05
   1.0627340e-05
   1.0383609e-05
   1.0490265e-05
   1.0923746e-05
   1.1660829e-05
   1.2681487e-05
   1.3971152e-05
   1.5521812e-05
   1.7331546e-05
   1.9402387e-05
   2.1736717e-05
   2.4332646e-05
   2.7178955e-05
   3.0250294e-05
   3.3503305e-05
   3.6874229e-05
   4.0278342e-05
   4.3611301e-05
   4.6752225e-05
   4.9568110e-05
   5.1919082e-05
   5.3663904e-05
   5.4665244e-05
   5.4794434e-05
   5.3935624e-05
   5.1989432e-05
   4.8876240e-05
   4.4539285e-05
   3.8947550e-05
   3.2098416e-05
   2.4019864e-05
   1.4771985e-05
   4.4474632e-06
  -6.8292669e-06
  -1.8904333e-05
  -3.1598140e-05
  -4.4710198e-05
  -5.8024642e-05
  -7.1316012e-05
  -8.4354915e-05
  -9.6913412e-05
  -1.0877009e-04
  -1.1971485e-04
  -1.2955356e-04
  -1.3811233e-04
  -1.4524133e-04
  -1.5081784e-04
  -1.5474812e-04
  -1.5696800e-04
  -1.5744208e-04
  -1.5616189e-04
  -1.5314324e-04
  -1.4842331e-04
  -1.4205781e-04
  -1.3411849e-04
  -1.2469099e-04
  -1.1387305e-04
  -1.0177288e-04
  -8.8507484e-05
  -7.4201067e-05
  -5.8983434e-05
  -4.2988588e-05
  -2.6353576e-05
  -9.2176205e-06
   8.2785232e-06
   2.5993133e-05
   4.3784120e-05
   6.1509827e-05
   7.9030080e-05
   9.6207447e-05
   1.1290868e-04
   1.2900622e-04
   1.4437957e-04
   1.5891630e-04
   1.7251250e-04
   1.8507250e-04
   1.9650778e-04
   2.0673542e-04
   2.1567618e-04
   2.2325289e-04
   2.2938948e-04
   2.3401092e-04
   2.3704404e-04
   2.3841922e-04
   2.3807257e-04
   2.3594850e-04
   2.3200247e-04
   2.2620387e-04
   2.1853899e-04
   2.0901395e-04
   1.9765728e-04
   1.8452208e-04
   1.6968715e-04
   1.5325706e-04
   1.3536101e-04
   1.1615067e-04
   9.5797488e-05
   7.4489604e-05
   5.2428959e-05
   2.9828593e-05
   6.9101780e-06
  -1.6098300e-05
  -3.8964896e-05
  -6.1456291e-05
  -8.3340756e-05
  -1.0439151e-04
  -1.2439040e-04
  -1.4313167e-04
  -1.6042568e-04
  -1.7610215e-04
  -1.9001304e-04
  -2.0203473e-04
  -2.1206977e-04
  -2.2004791e-04
  -2.2592672e-04
  -2.2969151e-04
  -2.3135460e-04
  -2.3095396e-04
  -2.2855100e-04
  -2.2422788e-04
  -2.1808450e-04
  -2.1023529e-04
  -2.0080625e-04
  -1.8993210e-04
  -1.7775366e-04
  -1.6441559e-04
  -1.5006445e-04
  -1.3484721e-04
  -1.1891046e-04
  -1.0240019e-04
  -8.5462314e-05
  -6.8243649e-05
  -5.0893363e-05
  -3.3564423e-05
  -1.6414749e-05
   3.9225990e-07
   1.6688077e-05
   3.2300498e-05
   4.7056232e-05
   6.0784632e-05
   7.3322403e-05
   8.4518966e-05
   9.4242064e-05
   1.0238313e-04
   1.0886190e-04
   1.1362977e-04
   1.1667148e-04
   1.1800497e-04
   1.1767951e-04
   1.1577220e-04
   1.1238350e-04
   1.0763210e-04
   1.0164964e-04
   9.4575650e-05
   8.6552802e-05
   7.7722842e-05
   6.8223275e-05
   5.8185099e-05
   4.7731760e-05
   3.6979463e-05
   2.6038806e-05
   1.5017435e-05
   4.0232508e-06
  -6.8324234e-06
  -1.7432343e-05
  -2.7652048e-05
  -3.7360072e-05
  -4.6419656e-05
  -5.4691727e-05
  -6.2038731e-05
  -6.8328939e-05
  -7.3440837e-05
  -7.7267251e-05
  -7.9718964e-05
  -8.0727643e-05
  -8.0247963e-05
  -7.8258914e-05
  -7.4764284e-05
  -6.9792376e-05
  -6.3395052e-05
  -5.5646245e-05
  -4.6640060e-05
  -3.6488562e-05
  -2.5319379e-05
  -1.3273186e-05
  -5.0111293e-07
   1.2837881e-05
   2.6579594e-05
   4.0557054e-05
   5.4602758e-05
   6.8550483e-05
   8.2236577e-05
   9.5500741e-05
   1.0818639e-04
   1.2014078e-04
   1.3121516e-04
   1.4126527e-04
   1.5015229e-04
   1.5774443e-04
   1.6391920e-04
   1.6856605e-04
   1.7158943e-04
   1.7291195e-04
   1.7247742e-04
   1.7025366e-04
   1.6623485e-04
   1.6044310e-04
   1.5292938e-04
   1.4377329e-04
   1.3308191e-04
   1.2098752e-04
   1.0764432e-04
   9.3224196e-05
   7.7912119e-05
   6.1901379e-05
   4.5389203e-05
   2.8573056e-05
   1.1647771e-05
  -5.1965599e-06
  -2.1776151e-05
  -3.7914733e-05
  -5.3444660e-05
  -6.8208143e-05
  -8.2058664e-05
  -9.4862553e-05
  -1.0650062e-04
  -1.1686974e-04
  -1.2588409e-04
  -1.3347589e-04
  -1.3959548e-04
  -1.4421061e-04
  -1.4730515e-04
  -1.4887725e-04
  -1.4893726e-04
  -1.4750569e-04
  -1.4461159e-04
  -1.4029148e-04
  -1.3458895e-04
  -1.2755512e-04
  -1.1924953e-04
  -1.0974145e-04
  -9.9111332e-05
  -8.7452167e-05
  -7.4870550e-05
  -6.1487479e-05
  -4.7438732e-05
  -3.2874730e-05
  -1.7959778e-05
  -2.8706265e-06
   1.2205748e-05
   2.7075104e-05
   4.1539536e-05
   5.5401496e-05
   6.8467979e-05
   8.0554597e-05
   9.1489340e-05
   1.0111586e-04
   1.0929615e-04
   1.1591281e-04
   1.2087083e-04
   1.2409934e-04
   1.2555325e-04
   1.2521485e-04
   1.2309530e-04
   1.1923564e-04
   1.1370722e-04
   1.0661112e-04
   9.8076651e-05
   8.8258825e-05
   7.7334921e-05
   6.5500280e-05
   5.2963346e-05
   3.9939953e-05
   2.6646830e-05
   1.3294425e-05
   7.9318453e-08
  -1.2823266e-05
  -2.5266170e-05
  -3.7135539e-05
  -4.8353935e-05
  -5.8880948e-05
  -6.8711234e-05
  -7.7870254e-05
  -8.6408252e-05
  -9.4393188e-05
  -1.0190331e-04
  -1.0902011e-04
  -1.1582204e-04
  -1.2237947e-04
  -1.2875069e-04
  -1.3497910e-04
  -1.4109135e-04
  -1.4709648e-04
  -1.5298604e-04
  -1.5873503e-04
  -1.6430377e-04
  -1.6964033e-04
  -1.7468336e-04
  -1.7936511e-04
  -1.8361431e-04
  -1.8735894e-04
  -1.9052878e-04
  -1.9305785e-04
  -1.9488685e-04
  -1.9596544e-04
  -1.9625413e-04
  -1.9572579e-04
  -1.9436648e-04
  -1.9217563e-04
  -1.8916571e-04
  -1.8536125e-04
  -1.8079763e-04
  -1.7551940e-04
  -1.6957848e-04
  -1.6303202e-04
  -1.5594020e-04
  -1.4836402e-04
  -1.4036334e-04
  -1.3199519e-04
  -1.2331230e-04
  -1.1436182e-04
  -1.0518408e-04
  -9.5811303e-05
  -8.6266326e-05
  -7.6561568e-05
  -6.6698308e-05
  -5.6666550e-05
  -4.6445567e-05
  -3.6005159e-05
  -2.5307596e-05
  -1.4310172e-05
  -2.9682143e-06
   8.7615260e-06
   2.0917194e-05
   3.3527990e-05
   4.6610273e-05
   6.0163799e-05
   7.4168350e-05
   8.8581132e-05
   1.0333523e-04
   1.1833938e-04
   1.3347928e-04
   1.4862034e-04
   1.6361185e-04
   1.7829220e-04
   1.9249463e-04
   2.0605333e-04
   2.1880915e-04
   2.3061486e-04
   2.4133943e-04
   2.5087142e-04
   2.5912113e-04
   2.6602164e-04
   2.7152864e-04
   2.7561921e-04
   2.7828957e-04
   2.7955212e-04
   2.7943179e-04
   2.7796218e-04
   2.7518176e-04
   2.7113045e-04
   2.6584698e-04
   2.5936732e-04
   2.5172416e-04
   2.4294761e-04
   2.3306665e-04
   2.2211109e-04
   2.1011344e-04
   1.9711044e-04
   1.8314397e-04
   1.6826134e-04
   1.5251515e-04
   1.3596297e-04
   1.1866717e-04
   1.0069511e-04
   8.2119890e-05
   6.3021599e-05
   4.3488881e-05
   2.3620715e-05
   3.5281731e-06
  -1.6664052e-05
  -3.6816505e-05
  -5.6774434e-05
  -7.6368003e-05
  -9.5413425e-05
  -1.1371505e-04
  -1.3106831e-04
  -1.4726350e-04
  -1.6209015e-04
  -1.7534180e-04
  -1.8682123e-04
  -1.9634568e-04
  -2.0375229e-04
  -2.0890333e-04
  -2.1169099e-04
  -2.1204160e-04
  -2.0991885e-04
  -2.0532609e-04
  -1.9830740e-04
  -1.8894767e-04
  -1.7737165e-04
  -1.6374176e-04
  -1.4825493e-04
  -1.3113811e-04
  -1.1264290e-04
  -9.3039192e-05
  -7.2608395e-05
  -5.1636520e-05
  -3.0407617e-05
  -9.1978657e-06
   1.1729555e-05
   3.2128775e-05
   5.1774800e-05
   7.0466365e-05
   8.8027905e-05
   1.0431039e-04
   1.1919070e-04
   1.3256938e-04
   1.4436671e-04
   1.5451761e-04
   1.6296602e-04
   1.6965982e-04
   1.7454700e-04
   1.7757393e-04
   1.7868580e-04
   1.7782931e-04
   1.7495703e-04
   1.7003297e-04
   1.6303844e-04
   1.5397763e-04
   1.4288211e-04
   1.2981376e-04
   1.1486599e-04
   9.8163159e-05
   7.9858547e-05
   6.0131390e-05
   3.9183406e-05
   1.7235317e-05
  -5.4763546e-06
  -2.8702181e-05
  -5.2182581e-05
  -7.5650661e-05
  -9.8835432e-05
  -1.2146554e-04
  -1.4327362e-04
  -1.6400116e-04
  -1.8340358e-04
  -2.0125534e-04
  -2.1735456e-04
  -2.3152713e-04
  -2.4362986e-04
  -2.5355281e-04
  -2.6122063e-04
  -2.6659298e-04
  -2.6966398e-04
  -2.7046071e-04
  -2.6904074e-04
  -2.6548908e-04
  -2.5991465e-04
  -2.5244686e-04
  -2.4323233e-04
  -2.3243215e-04
  -2.2021954e-04
  -2.0677792e-04
  -1.9229910e-04
  -1.7698144e-04
  -1.6102742e-04
  -1.4464075e-04
  -1.2802260e-04
  -1.1136740e-04
  -9.4858236e-05
  -7.8662576e-05
  -6.2928537e-05
  -4.7782323e-05
  -3.3327071e-05
  -1.9643239e-05
  -6.7903831e-06
   5.1900280e-06
   1.6271340e-05
   2.6438541e-05
   3.5685692e-05
   4.4014216e-05
   5.1432024e-05
   5.7953351e-05
   6.3599008e-05
   6.8396824e-05
   7.2382060e-05
   7.5597617e-05
   7.8093908e-05
   7.9928365e-05
   8.1164564e-05
   8.1871073e-05
   8.2120175e-05
   8.1986562e-05
   8.1546039e-05
   8.0874183e-05
   8.0044758e-05
   7.9127782e-05
   7.8187186e-05
   7.7278229e-05
   7.6444951e-05
   7.5718034e-05
   7.5113428e-05
   7.4631964e-05
   7.4260063e-05
   7.3971469e-05
   7.3729901e-05
   7.3492516e-05
   7.3213922e-05
   7.2850423e-05
   7.2364027e-05
   7.1725687e-05
   7.0917349e-05
   6.9932508e-05
   6.8775273e-05
   6.7458198e-05
   6.5999339e-05
   6.4419084e-05
   6.2737213e-05
   6.0970501e-05
   5.9131015e-05
   5.7225073e-05
   5.5252717e-05
   5.3207632e-05
   5.1077392e-05
   4.8844052e-05
   4.6485070e-05
   4.3974559e-05
   4.1284819e-05
   3.8388018e-05
   3.5257954e-05
   3.1871887e-05
   2.8212424e-05
   2.4269405e-05
   2.0041753e-05
   1.5539159e-05
   1.0783450e-05
   5.8094908e-06
   6.6550147e-07
  -4.5872926e-06
  -9.8756985e-06
  -1.5116293e-05
  -2.0217899e-05
  -2.5084884e-05
  -2.9621315e-05
  -3.3735916e-05
  -3.7347549e-05
  -4.0390726e-05
  -4.2820506e-05
  -4.4616082e-05
  -4.5782530e-05
  -4.6350413e-05
  -4.6373236e-05
  -4.5923016e-05
  -4.5084437e-05
  -4.3948210e-05
  -4.2604247e-05
  -4.1135321e-05
  -3.9611740e-05
  -3.8087468e-05
  -3.6597894e-05
  -3.5159286e-05
  -3.3769828e-05
  -3.2412047e-05
  -3.1056362e-05
  -2.9665434e-05
  -2.8198984e-05
  -2.6618626e-05
  -2.4892285e-05
  -2.2997752e-05
  -2.0925016e-05
  -1.8677249e-05
  -1.6270478e-05
  -1.3732159e-05
  -1.1099014e-05
  -8.4144997e-06
  -5.7262792e-06
  -3.0838848e-06
  -5.3667159e-07
   1.8679773e-06
   4.0863404e-06
   6.0801234e-06
   7.8183582e-06
   9.2793520e-06
   1.0452427e-05
   1.1339027e-05
   1.1952817e-05
   1.2318573e-05
   1.2469832e-05
   1.2445516e-05
   1.2285944e-05
   1.2028679e-05
   1.1704744e-05
   1.1335555e-05
   1.0930756e-05
   1.0486985e-05
   9.9875350e-06
   9.4027545e-06
   8.6910994e-06
   7.8008078e-06
   6.6722285e-06
   5.2408584e-06
   3.4411087e-06
   1.2106993e-06
  -1.5045408e-06
  -4.7458017e-06
  -8.5367958e-06
  -1.2880109e-05
  -1.7754863e-05
  -2.3116070e-05
  -2.8895848e-05
  -3.5006418e-05
  -4.1344496e-05
  -4.7796554e-05
  -5.4244240e-05
  -6.0569311e-05
  -6.6657565e-05
  -7.2401491e-05
  -7.7701537e-05
  -8.2466119e-05
  -8.6610624e-05
  -9.0055667e-05
  -9.2724896e-05
  -9.4542676e-05
  -9.5431970e-05
  -9.5312789e-05
  -9.4101530e-05
  -9.1711502e-05
  -8.8054774e-05
  -8.3045295e-05
  -7.6603089e-05
  -6.8659159e-05
  -5.9160682e-05
  -4.8076013e-05
  -3.5399106e-05
  -2.1153028e-05
  -5.3923790e-06
   1.1795406e-05
   3.0289785e-05
   4.9937727e-05
   7.0555049e-05
   9.1928346e-05
   1.1381748e-04
   1.3595875e-04
   1.5806887e-04
   1.7984984e-04
   2.0099476e-04
   2.2119463e-04
   2.4014566e-04
   2.5755693e-04
   2.7315796e-04
   2.8670584e-04
   2.9799161e-04
   3.0684556e-04
   3.1314128e-04
   3.1679815e-04
   3.1778212e-04
   3.1610467e-04
   3.1182013e-04
   3.0502161e-04
   2.9583610e-04
   2.8441919e-04
   2.7095002e-04
   2.5562661e-04
   2.3866179e-04
   2.2027959e-04
   2.0071211e-04
   1.8019653e-04
   1.5897246e-04
   1.3727942e-04
   1.1535446e-04
   9.3429703e-05
   7.1729811e-05
   5.0469230e-05
   2.9849126e-05
   1.0054015e-05
  -8.7517719e-06
  -2.6427557e-05
  -4.2859349e-05
  -5.7962091e-05
  -7.1680854e-05
  -8.3990808e-05
  -9.4895978e-05
  -1.0442689e-04
  -1.1263738e-04
  -1.1960071e-04
  -1.2540535e-04
  -1.3015054e-04
  -1.3394164e-04
  -1.3688555e-04
  -1.3908631e-04
  -1.4064113e-04
  -1.4163719e-04
  -1.4214928e-04
  -1.4223878e-04
  -1.4195357e-04
  -1.4132917e-04
  -1.4039058e-04
  -1.3915460e-04
  -1.3763235e-04
  -1.3583151e-04
  -1.3375815e-04
  -1.3141771e-04
  -1.2881513e-04
  -1.2595424e-04
  -1.2283646e-04
  -1.1945922e-04
  -1.1581439e-04
  -1.1188692e-04
  -1.0765398e-04
  -1.0308481e-04
  -9.8141427e-05
  -9.2780187e-05
  -8.6954245e-05
  -8.0616795e-05
  -7.3724885e-05
  -6.6243511e-05
  -5.8149609e-05
  -4.9435496e-05
  -4.0111385e-05
  -3.0206795e-05
  -1.9770826e-05
  -8.8713958e-06
   2.4062803e-06
   1.3961669e-05
   2.5681100e-05
   3.7440031e-05
   4.9105376e-05
   6.0538035e-05
   7.1595657e-05
   8.2135622e-05
   9.2018109e-05
   1.0110909e-04
   1.0928310e-04
   1.1642572e-04
   1.2243585e-04
   1.2722779e-04
   1.3073321e-04
   1.3290325e-04
   1.3371057e-04
   1.3315147e-04
   1.3124781e-04
   1.2804841e-04
   1.2362972e-04
   1.1809553e-04
   1.1157529e-04
   1.0422115e-04
   9.6203657e-05
   8.7706180e-05
   7.8918538e-05
   7.0029983e-05
   6.1221962e-05
   5.2661037e-05
   4.4492370e-05
   3.6834153e-05
   2.9773374e-05
   2.3363376e-05
   1.7623501e-05
   1.2540932e-05
   8.0744525e-06
   4.1595898e-06
   7.1444600e-07
  -2.3545607e-06
  -5.1476288e-06
  -7.7675079e-06
  -1.0316538e-05
  -1.2894630e-05
  -1.5597869e-05
  -1.8517329e-05
  -2.1737750e-05
  -2.5335898e-05
  -2.9378674e-05
  -3.3921177e-05
  -3.9005097e-05
  -4.4657765e-05
  -5.0892062e-05
  -5.7707164e-05
  -6.5089933e-05
  -7.3016595e-05
  -8.1454342e-05
  -9.0362624e-05
  -9.9694073e-05
  -1.0939526e-04
  -1.1940769e-04
  -1.2966923e-04
  -1.4011626e-04
  -1.5068611e-04
  -1.6131941e-04
  -1.7196190e-04
  -1.8256506e-04
  -1.9308567e-04
  -2.0348440e-04
  -2.1372369e-04
  -2.2376529e-04
  -2.3356775e-04
  -2.4308392e-04
  -2.5225862e-04
  -2.6102644e-04
  -2.6930970e-04
  -2.7701663e-04
  -2.8403991e-04
  -2.9025568e-04
  -2.9552347e-04
  -2.9968718e-04
  -3.0257743e-04
  -3.0401529e-04
  -3.0381744e-04
  -3.0180246e-04
  -2.9779824e-04
  -2.9164989e-04
  -2.8322793e-04
  -2.7243608e-04
  -2.5921808e-04
  -2.4356300e-04
  -2.2550868e-04
  -2.0514301e-04
  -1.8260342e-04
  -1.5807449e-04
  -1.3178443e-04
  -1.0400025e-04
  -7.5022228e-05
  -4.5177438e-05
  -1.4812605e-05
   1.5713733e-05
   4.6039543e-05
   7.5807878e-05
   1.0467536e-04
   1.3232022e-04
   1.5844962e-04
   1.8280585e-04
   2.0517143e-04
   2.2537293e-04
   2.4328346e-04
   2.5882389e-04
   2.7196260e-04
   2.8271344e-04
   2.9113203e-04
   2.9731035e-04
   3.0136995e-04
   3.0345450e-04
   3.0372205e-04
   3.0233772e-04
   2.9946701e-04
   2.9526986e-04
   2.8989521e-04
   2.8347628e-04
   2.7612622e-04
   2.6793470e-04
   2.5896558e-04
   2.4925623e-04
   2.3881886e-04
   2.2764410e-04
   2.1570650e-04
   2.0297177e-04
   1.8940498e-04
   1.7497897e-04
   1.5968246e-04
   1.4352702e-04
   1.2655276e-04
   1.0883238e-04
   9.0473538e-05
   7.1619418e-05
   5.2447548e-05
   3.3166783e-05
   1.4012509e-05
  -4.7599022e-06
  -2.2883282e-05
  -4.0087387e-05
  -5.6109031e-05
  -7.0701393e-05
  -8.3642645e-05
  -9.4743067e-05
  -1.0385035e-04
  -1.1085300e-04
  -1.1568214e-04
  -1.1831213e-04
  -1.1876043e-04
  -1.1708699e-04
  -1.1339325e-04
  -1.0782057e-04
  -1.0054749e-04
  -9.1785707e-05
  -8.1774262e-05
  -7.0772270e-05
  -5.9050517e-05
  -4.6882612e-05
  -3.4536406e-05
  -2.2266255e-05
  -1.0306497e-05
   1.1337290e-06
   1.1874413e-05
   2.1767589e-05
   3.0699434e-05
   3.8591660e-05
   4.5402177e-05
   5.1124848e-05
   5.5788051e-05
   5.9451802e-05
   6.2203322e-05
   6.4151099e-05
   6.5417719e-05
   6.6131909e-05
   6.6420242e-05
   6.6398966e-05
   6.6166487e-05
   6.5797044e-05
   6.5336133e-05
   6.4798205e-05
   6.4166967e-05
   6.3398394e-05
   6.2426176e-05
   6.1169007e-05
   5.9538946e-05
   5.7449966e-05
   5.4825858e-05
   5.1606814e-05
   4.7754218e-05
   4.3253384e-05
   3.8114214e-05
   3.2369899e-05
   2.6073941e-05
   1.9295895e-05
   1.2116345e-05
   4.6216481e-06
  -3.1010492e-06
  -1.0968059e-05
  -1.8902291e-05
  -2.6835012e-05
  -3.4706079e-05
  -4.2462648e-05
  -5.0056568e-05
  -5.7440805e-05
  -6.4565336e-05
  -7.1373034e-05
  -7.7796089e-05
  -8.3753489e-05
  -8.9149971e-05
  -9.3876670e-05
  -9.7813505e-05
  -1.0083318e-04
  -1.0280657e-04
  -1.0360901e-04
  -1.0312723e-04
  -1.0126613e-04
  -9.7955172e-05
  -9.3153535e-05
  -8.6853787e-05
  -7.9083813e-05
  -6.9907028e-05
  -5.9421164e-05
  -4.7756041e-05
  -3.5070671e-05
  -2.1549905e-05
  -7.4006225e-06
   7.1527017e-06
   2.1873331e-05
   3.6518745e-05
   5.0848197e-05
   6.4630953e-05
   7.7654511e-05
   8.9731887e-05
   1.0070707e-04
   1.1045798e-04
   1.1889668e-04
   1.2596697e-04
   1.3163992e-04
   1.3590795e-04
   1.3877873e-04
   1.4026948e-04
   1.4040281e-04
   1.3920443e-04
   1.3670281e-04
   1.3293050e-04
   1.2792651e-04
   1.2173896e-04
   1.1442744e-04
   1.0606441e-04
   9.6735799e-05
   8.6540408e-05
   7.5588603e-05
   6.4000340e-05
   5.1902819e-05
   3.9427874e-05
   2.6709194e-05
   1.3879408e-05
   1.0670633e-06
  -1.1606415e-05
  -2.4029690e-05
  -3.6104202e-05
  -4.7746359e-05
  -5.8889003e-05
  -6.9481969e-05
  -7.9491640e-05
  -8.8899549e-05
  -9.7700161e-05
  -1.0589810e-04
  -1.1350507e-04
  -1.2053674e-04
  -1.2700988e-04
  -1.3293994e-04
  -1.3833945e-04
  -1.4321715e-04
  -1.4757821e-04
  -1.5142516e-04
  -1.5475971e-04
  -1.5758475e-04
  -1.5990643e-04
  -1.6173569e-04
  -1.6308912e-04
  -1.6398907e-04
  -1.6446318e-04
  -1.6454349e-04
  -1.6426556e-04
  -1.6366753e-04
  -1.6278906e-04
  -1.6167009e-04
  -1.6034923e-04
  -1.5886168e-04
  -1.5723670e-04
  -1.5549498e-04
  -1.5364592e-04
  -1.5168527e-04
  -1.4959334e-04
  -1.4733394e-04
  -1.4485461e-04
  -1.4208817e-04
  -1.3895575e-04
  -1.3537114e-04
  -1.3124611e-04
  -1.2649602e-04
  -1.2104527e-04
  -1.1483198e-04
  -1.0781176e-04
  -9.9960180e-05
  -9.1273894e-05
  -8.1770485e-05
  -7.1486928e-05
  -6.0476945e-05
  -4.8807485e-05
  -3.6554677e-05
  -2.3799752e-05
  -1.0625382e-05
   2.8871546e-06
   1.6659789e-05
   3.0618508e-05
   4.4693484e-05
   5.8818900e-05
   7.2932821e-05
   8.6977260e-05
   1.0089844e-04
   1.1464707e-04
   1.2817856e-04
   1.4145285e-04
   1.5443387e-04
   1.6708870e-04
   1.7938630e-04
   1.9129601e-04
   2.0278585e-04
   2.1382079e-04
   2.2436104e-04
   2.3436049e-04
   2.4376556e-04
   2.5251457e-04
   2.6053770e-04
   2.6775754e-04
   2.7409000e-04
   2.7944568e-04
   2.8373149e-04
   2.8685279e-04
   2.8871606e-04
   2.8923240e-04
   2.8832177e-04
   2.8591792e-04
   2.8197365e-04
   2.7646569e-04
   2.6939867e-04
   2.6080727e-04
   2.5075603e-04
   2.3933670e-04
   2.2666328e-04
   2.1286566e-04
   1.9808261e-04
   1.8245524e-04
   1.6612179e-04
   1.4921411e-04
   1.3185633e-04
   1.1416526e-04
   9.6252246e-05
   7.8225730e-05
   6.0193720e-05
   4.2265668e-05
   2.4553261e-05
   7.1699899e-06
  -9.7704567e-06
  -2.6156703e-05
  -4.1882765e-05
  -5.6851386e-05
  -7.0977402e-05
  -8.4190971e-05
  -9.6440526e-05
  -1.0769529e-04
  -1.1794706e-04
  -1.2721097e-04
  -1.3552480e-04
  -1.4294665e-04
  -1.4955089e-04
  -1.5542260e-04
  -1.6065104e-04
  -1.6532268e-04
  -1.6951481e-04
  -1.7329021e-04
  -1.7669385e-04
  -1.7975160e-04
  -1.8247132e-04
  -1.8484583e-04
  -1.8685750e-04
  -1.8848359e-04
  -1.8970165e-04
  -1.9049416e-04
  -1.9085211e-04
  -1.9077701e-04
  -1.9028144e-04
  -1.8938827e-04
  -1.8812879e-04
  -1.8654017e-04
  -1.8466240e-04
  -1.8253521e-04
  -1.8019517e-04
  -1.7767319e-04
  -1.7499295e-04
  -1.7217016e-04
  -1.6921295e-04
  -1.6612298e-04
  -1.6289703e-04
  -1.5952861e-04
  -1.5600904e-04
  -1.5232793e-04
  -1.4847296e-04
  -1.4442936e-04
  -1.4017934e-04
  -1.3570193e-04
  -1.3097334e-04
  -1.2596811e-04
  -1.2066082e-04
  -1.1502805e-04
  -1.0905044e-04
  -1.0271436e-04
  -9.6012922e-05
  -8.8946448e-05
  -8.1522222e-05
  -7.3753869e-05
  -6.5660603e-05
  -5.7266576e-05
  -4.8600494e-05
  -3.9695553e-05
  -3.0589537e-05
  -2.1324949e-05
  -1.1949045e-05
  -2.5136645e-06
   6.9251458e-06
   1.6307648e-05
   2.5571058e-05
   3.4650324e-05
   4.3479165e-05
   5.1991497e-05
   6.0123376e-05
   6.7815463e-05
   7.5015828e-05
   8.1682758e-05
   8.7787247e-05
   9.3314853e-05
   9.8266724e-05
   1.0265977e-04
   1.0652601e-04
   1.0991122e-04
   1.1287291e-04
   1.1547782e-04
   1.1779918e-04
   1.1991381e-04
   1.2189938e-04
   1.2383179e-04
   1.2578268e-04
   1.2781670e-04
   1.2998855e-04
   1.3233953e-04
   1.3489396e-04
   1.3765592e-04
   1.4060677e-04
   1.4370399e-04
   1.4688160e-04
   1.5005212e-04
   1.5310992e-04
   1.5593571e-04
   1.5840171e-04
   1.6037717e-04
   1.6173394e-04
   1.6235180e-04
   1.6212325e-04
   1.6095754e-04
   1.5878382e-04
   1.5555324e-04
   1.5124006e-04
   1.4584175e-04
   1.3937807e-04
   1.3188912e-04
   1.2343278e-04
   1.1408152e-04
   1.0391893e-04
   9.3036423e-05
   8.1530073e-05
   6.9497954e-05
   5.7037865e-05
   4.4245525e-05
   3.1213167e-05
   1.8028553e-05
   4.7744620e-06
  -8.4712755e-06
  -2.1635131e-05
  -3.4646682e-05
  -4.7437054e-05
  -5.9937260e-05
  -7.2076710e-05
  -8.3782225e-05
  -9.4977821e-05
  -1.0558546e-04
  -1.1552687e-04
  -1.2472623e-04
  -1.3311361e-04
  -1.4062845e-04
  -1.4722268e-04
  -1.5286270e-04
  -1.5752990e-04
  -1.6121938e-04
  -1.6393694e-04
  -1.6569459e-04
  -1.6650511e-04
  -1.6637621e-04
  -1.6530509e-04
  -1.6327403e-04
  -1.6024772e-04
  -1.5617292e-04
  -1.5098073e-04
  -1.4459148e-04
  -1.3692189e-04
  -1.2789411e-04
  -1.1744557e-04
  -1.0553883e-04
  -9.2170481e-05
  -7.7378069e-05
  -6.1244375e-05
  -4.3898578e-05
  -2.5514183e-05
  -6.3039306e-06
   1.3487695e-05
   3.3593580e-05
   5.3733811e-05
   7.3625338e-05
   9.2990729e-05
   1.1156555e-04
   1.2910415e-04
   1.4538390e-04
   1.6020804e-04
   1.7340752e-04
   1.8484212e-04
   1.9440103e-04
   2.0200324e-04
   2.0759777e-04
   2.1116392e-04
   2.1271140e-04
   2.1228049e-04
   2.0994191e-04
   2.0579631e-04
   1.9997328e-04
   1.9262960e-04
   1.8394667e-04
   1.7412696e-04
   1.6338956e-04
   1.5196497e-04
   1.4008922e-04
   1.2799759e-04
   1.1591808e-04
   1.0406483e-04
   9.2631830e-05
   8.1786950e-05
   7.1666604e-05
   6.2371320e-05
   5.3962528e-05
   4.6460860e-05
   3.9846203e-05
   3.4059638e-05
   2.9007321e-05
   2.4566158e-05
   2.0591088e-05
   1.6923565e-05
   1.3400692e-05
   9.8643519e-06
   6.1696896e-06
   2.1923925e-06
  -2.1656167e-06
  -6.9723138e-06
  -1.2263623e-05
  -1.8043373e-05
  -2.4284996e-05
  -3.0934749e-05
  -3.7916104e-05
  -4.5134869e-05
  -5.2484615e-05
  -5.9851976e-05
  -6.7121523e-05
  -7.4179974e-05
  -8.0919622e-05
  -8.7241013e-05
  -9.3054937e-05
  -9.8283907e-05
  -1.0286330e-04
  -1.0674225e-04
  -1.0988423e-04
  -1.1226738e-04
  -1.1388423e-04
  -1.1474097e-04
  -1.1485606e-04
  -1.1425850e-04
  -1.1298600e-04
  -1.1108332e-04
  -1.0860116e-04
  -1.0559565e-04
  -1.0212835e-04
  -9.8266582e-05
  -9.4083595e-05
  -8.9658538e-05
  -8.5075873e-05
  -8.0424417e-05
  -7.5796096e-05
  -7.1284544e-05
  -6.6983610e-05
  -6.2985735e-05
  -5.9380061e-05
  -5.6250139e-05
  -5.3671144e-05
  -5.1706685e-05
  -5.0405414e-05
  -4.9797769e-05
  -4.9893234e-05
  -5.0678441e-05
  -5.2116353e-05
  -5.4146616e-05
  -5.6686981e-05
  -5.9635622e-05
  -6.2874169e-05
  -6.6271252e-05
  -6.9686346e-05
  -7.2973651e-05
  -7.5985802e-05
  -7.8577202e-05
  -8.0606866e-05
  -8.1940740e-05
  -8.2453551e-05
  -8.2030364e-05
  -8.0567988e-05
  -7.7976365e-05
  -7.4180083e-05
  -6.9120086e-05
  -6.2755626e-05
  -5.5066468e-05
  -4.6055218e-05
  -3.5749588e-05
  -2.4204357e-05
  -1.1502831e-05
   2.2422945e-06
   1.6888703e-05
   3.2264769e-05
   4.8170448e-05
   6.4378861e-05
   8.0638812e-05
   9.6678488e-05
   1.1221060e-04
   1.2693905e-04
   1.4056718e-04
   1.5280732e-04
   1.6339126e-04
   1.7208089e-04
   1.7867824e-04
   1.8303402e-04
   1.8505382e-04
   1.8470155e-04
   1.8199974e-04
   1.7702685e-04
   1.6991212e-04
   1.6082826e-04
   1.4998295e-04
   1.3760973e-04
   1.2395893e-04
   1.0928929e-04
   9.3860576e-05
   7.7927374e-05
   6.1734274e-05
   4.5512325e-05
   2.9476736e-05
   1.3825652e-05
  -1.2601500e-06
  -1.5616898e-05
  -2.9097094e-05
  -4.1568668e-05
  -5.2914262e-05
  -6.3030824e-05
  -7.1829594e-05
  -7.9236471e-05
  -8.5192666e-05
  -8.9655510e-05
  -9.2599303e-05
  -9.4016051e-05
  -9.3916014e-05
  -9.2328023e-05
  -8.9299531e-05
  -8.4896454e-05
  -7.9202833e-05
  -7.2320398e-05
  -6.4368082e-05
  -5.5481511e-05
  -4.5812395e-05
  -3.5527638e-05
  -2.4807913e-05
  -1.3845380e-05
  -2.8403505e-06
   8.0031573e-06
   1.8482740e-05
   2.8403416e-05
   3.7583361e-05
   4.5859009e-05
   5.3089027e-05
   5.9156950e-05
   6.3972437e-05
   6.7471336e-05
   6.9614819e-05
   7.0387779e-05
   6.9796676e-05
   6.7867009e-05
   6.4640599e-05
   6.0172985e-05
   5.4531226e-05
   4.7792357e-05
   4.0042554e-05
   3.1377003e-05
   2.1900211e-05
   1.1726486e-05
   9.8021751e-07
  -1.0204305e-05
  -2.1683851e-05
  -3.3308141e-05
  -4.4922719e-05
  -5.6372756e-05
  -6.7507527e-05
  -7.8185134e-05
  -8.8277096e-05
  -9.7672386e-05
  -1.0628060e-04
  -1.1403404e-04
  -1.2088864e-04
  -1.2682393e-04
  -1.3184205e-04
  -1.3596608e-04
  -1.3923766e-04
  -1.4171400e-04
  -1.4346426e-04
  -1.4456552e-04
  -1.4509853e-04
  -1.4514361e-04
  -1.4477695e-04
  -1.4406754e-04
  -1.4307487e-04
  -1.4184741e-04
  -1.4042198e-04
  -1.3882387e-04
  -1.3706786e-04
  -1.3515995e-04
  -1.3309971e-04
  -1.3088289e-04
  -1.2850423e-04
  -1.2595986e-04
  -1.2324925e-04
  -1.2037637e-04
  -1.1735009e-04
  -1.1418365e-04
  -1.1089354e-04
  -1.0749778e-04
  -1.0401380e-04
  -1.0045618e-04
  -9.6834349e-05
  -9.3150442e-05
  -8.9397631e-05
  -8.5558858e-05
  -8.1606128e-05
  -7.7500393e-05
  -7.3192114e-05
  -6.8622620e-05
  -6.3726306e-05
  -5.8433608e-05
  -5.2674600e-05
  -4.6382943e-05
  -3.9499898e-05
  -3.1978119e-05
  -2.3785014e-05
  -1.4905502e-05
  -5.3440486e-06
   4.8740436e-06
   1.5702100e-05
   2.7072304e-05
   3.8896674e-05
   5.1068784e-05
   6.3466249e-05
   7.5953906e-05
   8.8387602e-05
   1.0061837e-04
   1.1249671e-04
   1.2387677e-04
   1.3462017e-04
   1.4459945e-04
   1.5370087e-04
   1.6182676e-04
   1.6889730e-04
   1.7485202e-04
   1.7965090e-04
   1.8327513e-04
   1.8572729e-04
   1.8703078e-04
   1.8722824e-04
   1.8637878e-04
   1.8455448e-04
   1.8183617e-04
   1.7830922e-04
   1.7405961e-04
   1.6917061e-04
   1.6372025e-04
   1.5777946e-04
   1.5141077e-04
   1.4466746e-04
   1.3759301e-04
   1.3022085e-04
   1.2257447e-04
   1.1466791e-04
   1.0650662e-04
   9.8088949e-05
   8.9408148e-05
   8.0455057e-05
   7.1221368e-05
   6.1703306e-05
   5.1905402e-05
   4.1843965e-05
   3.1549744e-05
   2.1069355e-05
   1.0465184e-05
  -1.8622005e-07
  -1.0796965e-05
  -2.1271304e-05
  -3.1509155e-05
  -4.1409075e-05
  -5.0870343e-05
  -5.9794137e-05
  -6.8084079e-05
  -7.5646499e-05
  -8.2390811e-05
  -8.8230289e-05
  -9.3083418e-05
  -9.6875875e-05
  -9.9543108e-05
  -1.0103331e-04
  -1.0131056e-04
  -1.0035780e-04
  -9.8179265e-05
  -9.4802183e-05
  -9.0277264e-05
  -8.4678066e-05
  -7.8099168e-05
  -7.0653306e-05
  -6.2467693e-05
  -5.3679802e-05
  -4.4432891e-05
  -3.4871588e-05
  -2.5137818e-05
  -1.5367363e-05
  -5.6871842e-06
   3.7865239e-06
   1.2949687e-05
   2.1711238e-05
   2.9993690e-05
   3.7733386e-05
   4.4880316e-05
   5.1397290e-05
   5.7258372e-05
   6.2446580e-05
   6.6951087e-05
   7.0764319e-05
   7.3879468e-05
   7.6288947e-05
   7.7984150e-05
   7.8956598e-05
   7.9200257e-05
   7.8714611e-05
   7.7507907e-05
   7.5600055e-05
   7.3024781e-05
   6.9830802e-05
   6.6081939e-05
   6.1856167e-05
   5.7243588e-05
   5.2343394e-05
   4.7259981e-05
   4.2098496e-05
   3.6960252e-05
   3.1938523e-05
   2.7115231e-05
   2.2558863e-05
   1.8323684e-05
   1.4450065e-05
   1.0965545e-05
   7.8862173e-06
   5.2181352e-06
   2.9585485e-06
   1.0968805e-06
  -3.8455130e-07
  -1.5100184e-06
  -2.3100056e-06
  -2.8208907e-06
  -3.0846298e-06
  -3.1484214e-06
  -3.0643387e-06
  -2.8889601e-06
  -2.6830186e-06
  -2.5110309e-06
  -2.4408288e-06
  -2.5428821e-06
  -2.8892856e-06
  -3.5523399e-06
  -4.6027171e-06
  -6.1072743e-06
  -8.1266057e-06
  -1.0712420e-05
  -1.3904845e-05
  -1.7729695e-05
  -2.2195789e-05
  -2.7292499e-05
  -3.2987752e-05
  -3.9226717e-05
  -4.5931341e-05
  -5.3000748e-05
  -6.0312426e-05
  -6.7724022e-05
  -7.5075635e-05
  -8.2192615e-05
  -8.8888899e-05
  -9.4970979e-05
  -1.0024255e-04
  -1.0450982e-04
  -1.0758743e-04
  -1.0930468e-04
  -1.0951202e-04
  -1.0808739e-04
  -1.0494224e-04
  -1.0002689e-04
  -9.3334866e-05
  -8.4905697e-05
  -7.4825837e-05
  -6.3227364e-05
  -5.0284353e-05
  -3.6207038e-05
  -2.1234216e-05
  -5.6245813e-06
   1.0352308e-05
   2.6424784e-05
   4.2327025e-05
   5.7805827e-05
   7.2626053e-05
   8.6574676e-05
   9.9463435e-05
   1.1113018e-04
   1.2143912e-04
   1.3028007e-04
   1.3756723e-04
   1.4323754e-04
   1.4724904e-04
   1.4957920e-04
   1.5022328e-04
   1.4919259e-04
   1.4651241e-04
   1.4221974e-04
   1.3636076e-04
   1.2898842e-04
   1.2016050e-04
   1.0993840e-04
   9.8387190e-05
   8.5576941e-05
   7.1585431e-05
   5.6501832e-05
   4.0430885e-05
   2.3496849e-05
   5.8465170e-06
  -1.2349255e-05
  -3.0895801e-05
  -4.9576737e-05
  -6.8157753e-05
  -8.6391709e-05
  -1.0402465e-04
  -1.2080223e-04
  -1.3647609e-04
  -1.5080976e-04
  -1.6358395e-04
  -1.7460095e-04
  -1.8368830e-04
  -1.9070170e-04
  -1.9552728e-04
  -1.9808325e-04
  -1.9832095e-04
  -1.9622521e-04
  -1.9181397e-04
  -1.8513736e-04
  -1.7627629e-04
  -1.6534077e-04
  -1.5246816e-04
  -1.3782137e-04
  -1.2158676e-04
  -1.0397163e-04
  -8.5201077e-05
  -6.5514215e-05
  -4.5160075e-05
  -2.4393564e-05
  -3.4719333e-06
   1.7348027e-05
   3.7812074e-05
   5.7670146e-05
   7.6677897e-05
   9.4598441e-05
   1.1120438e-04
   1.2628007e-04
   1.3962395e-04
   1.5105080e-04
   1.6039391e-04
   1.6750727e-04
   1.7226817e-04
   1.7458038e-04
   1.7437836e-04
   1.7163216e-04
   1.6635294e-04
   1.5859825e-04
   1.4847618e-04
   1.3614757e-04
   1.2182536e-04
   1.0577074e-04
   8.8285985e-05
   6.9704507e-05
   5.0378746e-05
   3.0667109e-05
   1.0920906e-05
  -8.5276047e-06
  -2.7375177e-05
  -4.5354921e-05
  -6.2240777e-05
  -7.7849202e-05
  -9.2038424e-05
  -1.0470575e-04
  -1.1578344e-04
  -1.2523373e-04
  -1.3304338e-04
  -1.3921852e-04
  -1.4377989e-04
  -1.4675903e-04
  -1.4819559e-04
  -1.4813558e-04
  -1.4663052e-04
  -1.4373709e-04
  -1.3951695e-04
  -1.3403644e-04
  -1.2736583e-04
  -1.1957839e-04
  -1.1074914e-04
  -1.0095399e-04
  -9.0269283e-05
  -7.8772298e-05
  -6.6542626e-05
  -5.3664323e-05
  -4.0228410e-05
  -2.6335201e-05
  -1.2095962e-05
   2.3664929e-06
   1.6918354e-05
   3.1416379e-05
   4.5710166e-05
   5.9644745e-05
   7.3063212e-05
   8.5809199e-05
   9.7729233e-05
   1.0867511e-04
   1.1850639e-04
   1.2709318e-04
   1.3431918e-04
   1.4008509e-04
   1.4431213e-04
   1.4694567e-04
   1.4795850e-04
   1.4735364e-04
   1.4516628e-04
   1.4146458e-04
   1.3634913e-04
   1.2995094e-04
   1.2242807e-04
   1.1396091e-04
   1.0474639e-04
   9.4991561e-05
   8.4906719e-05
   7.4698597e-05
   6.4563873e-05
   5.4683310e-05
   4.5216739e-05
   3.6299005e-05
   2.8036947e-05
   2.0507460e-05
   1.3756660e-05
   7.8001540e-06
   2.6243829e-06
  -1.8109880e-06
  -5.5696754e-06
  -8.7344669e-06
  -1.1402161e-05
  -1.3678018e-05
  -1.5670043e-05
  -1.7483464e-05
  -1.9215726e-05
  -2.0952253e-05
  -2.2763178e-05
  -2.4701200e-05
  -2.6800736e-05
  -2.9078410e-05
  -3.1534879e-05
  -3.4157755e-05
  -3.6925264e-05
  -3.9810164e-05
  -4.2783409e-05
  -4.5817085e-05
  -4.8886354e-05
  -5.1970292e-05
  -5.5051754e-05
  -5.8116488e-05
  -6.1151749e-05
  -6.4144697e-05
  -6.7080773e-05
  -6.9942217e-05
  -7.2706837e-05
  -7.5347144e-05
  -7.7829928e-05
  -8.0116344e-05
  -8.2162486e-05
  -8.3920370e-05
  -8.5339236e-05
  -8.6367028e-05
  -8.6952020e-05
  -8.7044602e-05
  -8.6599280e-05
  -8.5576923e-05
  -8.3947226e-05
  -8.1691258e-05
  -7.8803843e-05
  -7.5295421e-05
  -7.1193055e-05
  -6.6540354e-05
  -6.1396181e-05
  -5.5832179e-05
  -4.9929347e-05
  -4.3773916e-05
  -3.7453163e-05
  -3.1051533e-05
  -2.4647089e-05
  -1.8309232e-05
  -1.2097501e-05
  -6.0615163e-06
  -2.4181928e-07
   5.3286497e-06
   1.0622789e-05
   1.5617568e-05
   2.0292528e-05
   2.4628724e-05
   2.8608162e-05
   3.2213670e-05
   3.5429127e-05
   3.8239957e-05
   4.0633837e-05
   4.2601692e-05
   4.4139058e-05
   4.5247802e-05
   4.5938145e-05
   4.6230808e-05
   4.6158997e-05
   4.5769856e-05
   4.5125101e-05
   4.4300474e-05
   4.3383824e-05
   4.2471830e-05
   4.1665644e-05
   4.1065979e-05
   4.0768252e-05
   4.0858467e-05
   4.1410272e-05
   4.2483390e-05
   4.4123270e-05
   4.6361561e-05
   4.9216921e-05
   5.2695684e-05
   5.6792080e-05
   6.1487889e-05
   6.6751652e-05
   7.2537665e-05
   7.8785012e-05
   8.5416911e-05
   9.2340570e-05
   9.9447763e-05
   1.0661625e-04
   1.1371213e-04
   1.2059307e-04
   1.2711242e-04
   1.3312388e-04
   1.3848650e-04
   1.4306945e-04
   1.4675627e-04
   1.4944812e-04
   1.5106574e-04
   1.5155025e-04
   1.5086268e-04
   1.4898252e-04
   1.4590558e-04
   1.4164140e-04
   1.3621061e-04
   1.2964253e-04
   1.2197329e-04
   1.1324467e-04
   1.0350362e-04
   9.2802555e-05
   8.1199999e-05
   6.8761614e-05
   5.5561352e-05
   4.1682666e-05
   2.7219686e-05
   1.2278164e-05
  -3.0240556e-06
  -1.8557368e-05
  -3.4181790e-05
  -4.9749493e-05
  -6.5108403e-05
  -8.0106590e-05
  -9.4597030e-05
  -1.0844225e-04
  -1.2151841e-04
  -1.3371848e-04
  -1.4495416e-04
  -1.5515655e-04
  -1.6427559e-04
  -1.7227839e-04
  -1.7914683e-04
  -1.8487467e-04
  -1.8946458e-04
  -1.9292531e-04
  -1.9526920e-04
  -1.9651013e-04
  -1.9666206e-04
  -1.9573819e-04
  -1.9375090e-04
  -1.9071249e-04
  -1.8663680e-04
  -1.8154168e-04
  -1.7545176e-04
  -1.6840156e-04
  -1.6043802e-04
  -1.5162239e-04
  -1.4203078e-04
  -1.3175340e-04
  -1.2089254e-04
  -1.0955961e-04
  -9.7871672e-05
  -8.5948122e-05
  -7.3907658e-05
  -6.1865982e-05
  -4.9934222e-05
  -3.8217994e-05
  -2.6816985e-05
  -1.5824879e-05
  -5.3294091e-06
   4.5876356e-06
   1.3850586e-05
   2.2390363e-05
   3.0145317e-05
   3.7062434e-05
   4.3098874e-05
   4.8223738e-05
   5.2419973e-05
   5.5686323e-05
   5.8039156e-05
   5.9513944e-05
   6.0166056e-05
   6.0070558e-05
   5.9320851e-05
   5.8026167e-05
   5.6308168e-05
   5.4297053e-05
   5.2127611e-05
   4.9935589e-05
   4.7854448e-05
   4.6012454e-05
   4.4529888e-05
   4.3516151e-05
   4.3066616e-05
   4.3259276e-05
   4.4151362e-05
   4.5776129e-05
   4.8140106e-05
   5.1221129e-05
   5.4967521e-05
   5.9298672e-05
   6.4107247e-05
   6.9263146e-05
   7.4619156e-05
   8.0018010e-05
   8.5300420e-05
   9.0313529e-05
   9.4919148e-05
   9.9001065e-05
   1.0247083e-04
   1.0527153e-04
   1.0737927e-04
   1.0880257e-04
   1.0957972e-04
   1.0977478e-04
   1.0947265e-04
   1.0877382e-04
   1.0778907e-04
   1.0663449e-04
   1.0542679e-04
   1.0427899e-04
   1.0329649e-04
   1.0257356e-04
   1.0219028e-04
   1.0221000e-04
   1.0267711e-04
   1.0361536e-04
   1.0502640e-04
   1.0688861e-04
   1.0915633e-04
   1.1175950e-04
   1.1460382e-04
   1.1757181e-04
   1.2052467e-04
   1.2330541e-04
   1.2574308e-04
   1.2765831e-04
   1.2886997e-04
   1.2920259e-04
   1.2849410e-04
   1.2660337e-04
   1.2341696e-04
   1.1885438e-04
   1.1287155e-04
   1.0546195e-04
   9.6655642e-05
   8.6516381e-05
   7.5137296e-05
   6.2635859e-05
   4.9148672e-05
   3.4826516e-05
   1.9829976e-05
   4.3256684e-06
  -1.1516974e-05
  -2.7528499e-05
  -4.3541921e-05
  -5.9394988e-05
  -7.4932319e-05
  -9.0007457e-05
  -1.0448487e-04
  -1.1824196e-04
  -1.3117112e-04
  -1.4318179e-04
  -1.5420245e-04
  -1.6418234e-04
  -1.7309285e-04
  -1.8092818e-04
  -1.8770518e-04
  -1.9346206e-04
  -1.9825610e-04
  -2.0216032e-04
  -2.0525938e-04
  -2.0764493e-04
  -2.0941072e-04
  -2.1064754e-04
  -2.1143823e-04
  -2.1185285e-04
  -2.1194414e-04
  -2.1174361e-04
  -2.1125872e-04
  -2.1047153e-04
  -2.0933916e-04
  -2.0779636e-04
  -2.0575988e-04
  -2.0313463e-04
  -1.9982093e-04
  -1.9572213e-04
  -1.9075220e-04
  -1.8484238e-04
  -1.7794649e-04
  -1.7004458e-04
  -1.6114453e-04
  -1.5128190e-04
  -1.4051791e-04
  -1.2893612e-04
  -1.1663806e-04
  -1.0373827e-04
  -9.0359311e-05
  -7.6626893e-05
  -6.2665862e-05
  -4.8597197e-05
  -3.4536396e-05
  -2.0593319e-05
  -6.8733464e-06
   6.5204722e-06
   1.9484835e-05
   3.1913846e-05
   4.3697555e-05
   5.4721950e-05
   6.4870754e-05
   7.4028987e-05
   8.2087960e-05
   8.8951010e-05
   9.4539144e-05
   9.8795823e-05
   1.0169033e-04
   1.0321953e-04
   1.0340810e-04
   1.0230778e-04
   9.9995863e-05
   9.6573352e-05
   9.2162818e-05
   8.6905914e-05
   8.0960321e-05
   7.4496052e-05
   6.7691053e-05
   6.0726228e-05
   5.3780082e-05
   4.7023298e-05
   4.0613595e-05
   3.4691193e-05
   2.9375145e-05
   2.4760698e-05
   2.0917773e-05
   1.7890537e-05
   1.5698037e-05
   1.4335706e-05
   1.3777516e-05
   1.3978472e-05
   1.4877106e-05
   1.6397792e-05
   1.8452812e-05
   2.0944301e-05
   2.3766261e-05
   2.6806860e-05
   2.9951139e-05
   3.3084118e-05
   3.6094174e-05
   3.8876486e-05
   4.1336314e-05
   4.3391925e-05
   4.4976933e-05
   4.6041880e-05
   4.6555006e-05
   4.6502265e-05
   4.5886720e-05
   4.4727464e-05
   4.3058262e-05
   4.0926069e-05
   3.8389451e-05
   3.5516868e-05
   3.2384641e-05
   2.9074393e-05
   2.5669890e-05
   2.2253257e-05
   1.8900650e-05
   1.5677623e-05
   1.2634646e-05
   9.8032936e-06
   7.1937346e-06
   4.7940381e-06
   2.5716369e-06
   4.7702211e-07
  -1.5504860e-06
  -3.5753683e-06
  -5.6576389e-06
  -7.8445547e-06
  -1.0163236e-05
  -1.2615078e-05
  -1.5172656e-05
  -1.7779486e-05
  -2.0352646e-05
  -2.2787953e-05
  -2.4967185e-05
  -2.6766581e-05
  -2.8065793e-05
  -2.8756450e-05
  -2.8749542e-05
  -2.7981053e-05
  -2.6415416e-05
  -2.4046650e-05
  -2.0897296e-05
  -1.7015496e-05
  -1.2470748e-05
  -7.3490246e-06
  -1.7479539e-06
   4.2273899e-06
   1.0467756e-05
   1.6862051e-05
   2.3298993e-05
   2.9668445e-05
   3.5862771e-05
   4.1778455e-05
   4.7318023e-05
   5.2392162e-05
   5.6921784e-05
   6.0839855e-05
   6.4092772e-05
   6.6641204e-05
   6.8460403e-05
   6.9539977e-05
   6.9883211e-05
   6.9505966e-05
   6.8435209e-05
   6.6707184e-05
   6.4365204e-05
   6.1457069e-05
   5.8032248e-05
   5.4139038e-05
   4.9822055e-05
   4.5120483e-05
   4.0067422e-05
   3.4690625e-05
   2.9014751e-05
   2.3065093e-05
   1.6872556e-05
   1.0479347e-05
   3.9446217e-06
  -2.6508483e-06
  -9.2019282e-06
  -1.5579048e-05
  -2.1631230e-05
  -2.7192249e-05
  -3.2089446e-05
  -3.6154379e-05
  -3.9234239e-05
  -4.1202902e-05
  -4.1970606e-05
  -4.1491383e-05
  -3.9767644e-05
  -3.6851559e-05
  -3.2843312e-05
  -2.7886529e-05
  -2.2161393e-05
  -1.5876054e-05
  -9.2568885e-06
  -2.5381722e-06
   4.0483199e-06
   1.0283246e-05
   1.5968622e-05
   2.0935193e-05
   2.5047786e-05
   2.8208305e-05
   3.0356255e-05
   3.1466923e-05
   3.1547585e-05
   3.0632325e-05
   2.8776097e-05
   2.6048683e-05
   2.2529113e-05
   1.8300937e-05
   1.3448597e-05
   8.0549783e-06
   2.2000535e-06
  -4.0394377e-06
  -1.0589357e-05
  -1.7376687e-05
  -2.4327414e-05
  -3.1364156e-05
  -3.8404091e-05
  -4.5357800e-05
  -5.2129564e-05
  -5.8619401e-05
  -6.4726800e-05
  -7.0355727e-05
  -7.5420240e-05
  -7.9849991e-05
  -8.3594957e-05
  -8.6628906e-05
  -8.8951337e-05
  -9.0587724e-05
  -9.1588071e-05
  -9.2023880e-05
  -9.1983782e-05
  -9.1568170e-05
  -9.0883293e-05
  -9.0035255e-05
  -8.9124447e-05
  -8.8240835e-05
  -8.7460328e-05
  -8.6842356e-05
  -8.6428637e-05
  -8.6243038e-05
  -8.6292350e-05
  -8.6567902e-05
  -8.7047840e-05
  -8.7699958e-05
  -8.8484901e-05
  -8.9359492e-05
  -9.0279895e-05
  -9.1204233e-05
  -9.2094386e-05
  -9.2916763e-05
  -9.3642099e-05
  -9.4244434e-05
  -9.4699457e-05
  -9.4982442e-05
  -9.5066000e-05
  -9.4917837e-05
  -9.4498683e-05
  -9.3760593e-05
  -9.2645797e-05
  -9.1086247e-05
  -8.9003916e-05
  -8.6311855e-05
  -8.2916069e-05
  -7.8718150e-05
  -7.3618662e-05
  -6.7521162e-05
  -6.0336712e-05
  -5.1988677e-05
  -4.2417503e-05
  -3.1585214e-05
  -1.9479369e-05
  -6.1162290e-06
   8.4570140e-06
   2.4161046e-05
   4.0884207e-05
   5.8483149e-05
   7.6784273e-05
   9.5585916e-05
   1.1466132e-04
   1.3376250e-04
   1.5262503e-04
   1.7097395e-04
   1.8853038e-04
   2.0501870e-04
   2.2017359e-04
   2.3374649e-04
   2.4551098e-04
   2.5526690e-04
   2.6284311e-04
   2.6809914e-04
   2.7092584e-04
   2.7124551e-04
   2.6901178e-04
   2.6420958e-04
   2.5685560e-04
   2.4699928e-04
   2.3472446e-04
   2.2015174e-04
   2.0344114e-04
   1.8479465e-04
   1.6445803e-04
   1.4272102e-04
   1.1991539e-04
   9.6410253e-05
   7.2604700e-05
   4.8917854e-05
   2.5777017e-05
   3.6045483e-06
  -1.7195651e-05
  -3.6251296e-05
  -5.3233803e-05
  -6.7868772e-05
  -7.9944480e-05
  -8.9318061e-05
  -9.5919172e-05
  -9.9750902e-05
  -1.0088782e-04
  -9.9471077e-05
  -9.5700722e-05
  -8.9825573e-05
  -8.2131279e-05
  -7.2927347e-05
  -6.2534013e-05
  -5.1269865e-05
  -3.9440869e-05
  -2.7331435e-05
  -1.5197892e-05
  -3.2645368e-06
   8.2778617e-06
   1.9271469e-05
   2.9589273e-05
   3.9132080e-05
   4.7825196e-05
   5.5615281e-05
   6.2467683e-05
   6.8364325e-05
   7.3302080e-05
   7.7291404e-05
   8.0355020e-05
   8.2526529e-05
   8.3848927e-05
   8.4373052e-05
   8.4155968e-05
   8.3259202e-05
   8.1746672e-05
   7.9682189e-05
   7.7126572e-05
   7.4134580e-05
   7.0751999e-05
   6.7013261e-05
   6.2939833e-05
   5.8539544e-05
   5.3806805e-05
   4.8723585e-05
   4.3260965e-05
   3.7381126e-05
   3.1039754e-05
   2.4188887e-05
   1.6780181e-05
   8.7684909e-06
   1.1558775e-07
  -9.2062193e-06
  -1.9210773e-05
  -2.9895230e-05
  -4.1237757e-05
  -5.3195715e-05
  -6.5704239e-05
  -7.8675164e-05
  -9.1996305e-05
  -1.0553128e-04
  -1.1912019e-04
  -1.3258160e-04
  -1.4571606e-04
  -1.5831153e-04
  -1.7015021e-04
  -1.8101644e-04
  -1.9070478e-04
  -1.9902757e-04
  -2.0582132e-04
  -2.1095159e-04
  -2.1431645e-04
  -2.1584852e-04
  -2.1551581e-04
  -2.1332153e-04
  -2.0930269e-04
  -2.0352772e-04
  -1.9609297e-04
  -1.8711860e-04
  -1.7674416e-04
  -1.6512464e-04
  -1.5242704e-04
  -1.3882801e-04
  -1.2451216e-04
  -1.0967074e-04
  -9.4500430e-05
  -7.9201660e-05
  -6.3976314e-05
  -4.9024717e-05
  -3.4541922e-05
  -2.0713429e-05
  -7.7105679e-06
   4.3142672e-06
   1.5232248e-05
   2.4942411e-05
   3.3375362e-05
   4.0496117e-05
   4.6305851e-05
   5.0842301e-05
   5.4178649e-05
   5.6420861e-05
   5.7703588e-05
   5.8184929e-05
   5.8040410e-05
   5.7456557e-05
   5.6624358e-05
   5.5732742e-05
   5.4962070e-05
   5.4477718e-05
   5.4423985e-05
   5.4918749e-05
   5.6049322e-05
   5.7869904e-05
   6.0400823e-05
   6.3629640e-05
   6.7513953e-05
   7.1985542e-05
   7.6955363e-05
   8.2318809e-05
   8.7960590e-05
   9.3758776e-05
   9.9587617e-05
   1.0531901e-04
   1.1082282e-04
   1.1596638e-04
   1.2061380e-04
   1.2462549e-04
   1.2785842e-04
   1.3016733e-04
   1.3140700e-04
   1.3143558e-04
   1.3011877e-04
   1.2733484e-04
   1.2298001e-04
   1.1697412e-04
   1.0926597e-04
   9.9838028e-05
   8.8710063e-05
   7.5941455e-05
   6.1631960e-05
   4.5920877e-05
   2.8984684e-05
   1.1033333e-05
  -7.6945104e-06
  -2.6936933e-05
  -4.6414636e-05
  -6.5837007e-05
  -8.4908228e-05
  -1.0333338e-04
  -1.2082447e-04
  -1.3710637e-04
  -1.5192259e-04
  -1.6504066e-04
  -1.7625716e-04
  -1.8540202e-04
  -1.9234210e-04
  -1.9698388e-04
  -1.9927505e-04
  -1.9920522e-04
  -1.9680551e-04
  -1.9214744e-04
  -1.8534114e-04
  -1.7653321e-04
  -1.6590413e-04
  -1.5366523e-04
  -1.4005487e-04
  -1.2533386e-04
  -1.0977986e-04
  -9.3680950e-05
  -7.7328477e-05
  -6.1009555e-05
  -4.4999483e-05
  -2.9554440e-05
  -1.4904654e-05
  -1.2482704e-06
   1.1253892e-05
   2.2482478e-05
   3.2362370e-05
   4.0863857e-05
   4.8001946e-05
   5.3833710e-05
   5.8453719e-05
   6.1987654e-05
   6.4584408e-05
   6.6407065e-05
   6.7623336e-05
   6.8396149e-05
   6.8875151e-05
   6.9189803e-05
   6.9444673e-05
   6.9717233e-05
   7.0058080e-05
   7.0493188e-05
   7.1027577e-05
   7.1649701e-05
   7.2335858e-05
   7.3054124e-05
   7.3767526e-05
   7.4436299e-05
   7.5019255e-05
   7.5474335e-05
   7.5758498e-05
   7.5827100e-05
   7.5633050e-05
   7.5126067e-05
   7.4252313e-05
   7.2954573e-05
   7.1173130e-05
   6.8847339e-05
   6.5917752e-05
   6.2328614e-05
   5.8030499e-05
   5.2982897e-05
   4.7156683e-05
   4.0536433e-05
   3.3122575e-05
   2.4933314e-05
   1.6006225e-05
   6.3993957e-06
  -3.8079886e-06
  -1.4515733e-05
  -2.5603472e-05
  -3.6932284e-05
  -4.8347079e-05
  -5.9679753e-05
  -7.0753050e-05
  -8.1385031e-05
  -9.1394033e-05
  -1.0060386e-04
  -1.0884897e-04
  -1.1597939e-04
  -1.2186509e-04
  -1.2639965e-04
  -1.2950308e-04
  -1.3112369e-04
  -1.3123883e-04
  -1.2985467e-04
  -1.2700489e-04
  -1.2274868e-04
  -1.1716818e-04
  -1.1036581e-04
  -1.0246158e-04
  -9.3590631e-05
  -8.3900775e-05
  -7.3550096e-05
  -6.2704232e-05
  -5.1533250e-05
  -4.0208004e-05
  -2.8896038e-05
  -1.7757207e-05
  -6.9393664e-06
   3.4254663e-06
   1.3224126e-05
   2.2364266e-05
   3.0775255e-05
   3.8408145e-05
   4.5234960e-05
   5.1247542e-05
   5.6456234e-05
   6.0888539e-05
   6.4587852e-05
   6.7612280e-05
   7.0033473e-05
   7.1935373e-05
   7.3412750e-05
   7.4569359e-05
   7.5515589e-05
   7.6365539e-05
   7.7233539e-05
   7.8230267e-05
   7.9458691e-05
   8.1010065e-05
   8.2960259e-05
   8.5366685e-05
   8.8266016e-05
   9.1672900e-05
   9.5579899e-05
   9.9958776e-05
   1.0476314e-04
   1.0993232e-04
   1.1539604e-04
   1.2107960e-04
   1.2690873e-04
   1.3281378e-04
   1.3873282e-04
   1.4461321e-04
   1.5041191e-04
   1.5609439e-04
   1.6163297e-04
   1.6700475e-04
   1.7218983e-04
   1.7717010e-04
   1.8192851e-04
   1.8644909e-04
   1.9071711e-04
   1.9471960e-04
   1.9844569e-04
   2.0188669e-04
   2.0503597e-04
   2.0788832e-04
   2.1043903e-04
   2.1268251e-04
   2.1461060e-04
   2.1621051e-04
   2.1746235e-04
   2.1833656e-04
   2.1879133e-04
   2.1877038e-04
   2.1820134e-04
   2.1699525e-04
   2.1504720e-04
   2.1223852e-04
   2.0844042e-04
   2.0351908e-04
   1.9734182e-04
   1.8978395e-04
   1.8073565e-04
   1.7010843e-04
   1.5784045e-04
   1.4390058e-04
   1.2829085e-04
   1.1104747e-04
   9.2240384e-05
   7.1971624e-05
   5.0372586e-05
   2.7600361e-05
   3.8332427e-06
  -2.0734372e-05
  -4.5897480e-05
  -7.1446085e-05
  -9.7170554e-05
  -1.2286636e-04
  -1.4833787e-04
  -1.7340104e-04
  -1.9788492e-04
  -2.2163213e-04
  -2.4449843e-04
  -2.6635155e-04
  -2.8706971e-04
  -3.0653997e-04
  -3.2465671e-04
  -3.4132064e-04
  -3.5643843e-04
  -3.6992317e-04
  -3.8169565e-04
  -3.9168618e-04
  -3.9983685e-04
  -4.0610373e-04
  -4.1045865e-04
  -4.1289045e-04
  -4.1340530e-04
  -4.1202635e-04
  -4.0879278e-04
  -4.0375831e-04
  -3.9698954e-04
  -3.8856423e-04
  -3.7856993e-04
  -3.6710318e-04
  -3.5426937e-04
  -3.4018363e-04
  -3.2497218e-04
  -3.0877410e-04
  -2.9174261e-04
  -2.7404535e-04
  -2.5586293e-04
  -2.3738564e-04
  -2.1880837e-04
  -2.0032410e-04
  -1.8211663e-04
  -1.6435331e-04
  -1.4717838e-04
  -1.3070763e-04
  -1.1502490e-04
  -1.0018070e-04
  -8.6193049e-05
  -7.3050490e-05
  -6.0716941e-05
  -4.9137870e-05
  -3.8247121e-05
  -2.7973681e-05
  -1.8247725e-05
  -9.0054096e-06
  -1.9211917e-07
   8.2358024e-06
   1.6310572e-05
   2.4053355e-05
   3.1475116e-05
   3.8577655e-05
   4.5354733e-05
   5.1793309e-05
   5.7875006e-05
   6.3577854e-05
   6.8878235e-05
   7.3752875e-05
   7.8180685e-05
   8.2144367e-05
   8.5631824e-05
   8.8637499e-05
   9.1163824e-05
   9.3222761e-05
   9.4837380e-05
   9.6043294e-05
   9.6889644e-05
   9.7439337e-05
   9.7768353e-05
   9.7964030e-05
   9.8122362e-05
   9.8344510e-05
   9.8732767e-05
   9.9386235e-05
   1.0039650e-04
   1.0184353e-04
   1.0379207e-04
   1.0628862e-04
   1.0935943e-04
   1.1300935e-04
   1.1722189e-04
   1.2196017e-04
   1.2716877e-04
   1.3277612e-04
   1.3869731e-04
   1.4483706e-04
   1.5109279e-04
   1.5735760e-04
   1.6352312e-04
   1.6948198e-04
   1.7512977e-04
   1.8036650e-04
   1.8509759e-04
   1.8923483e-04
   1.9269750e-04
   1.9541411e-04
   1.9732475e-04
   1.9838396e-04
   1.9856369e-04
   1.9785579e-04
   1.9627346e-04
   1.9385130e-04
   1.9064381e-04
   1.8672232e-04
   1.8217080e-04
   1.7708072e-04
   1.7154566e-04
   1.6565589e-04
   1.5949349e-04
   1.5312835e-04
   1.4661532e-04
   1.3999293e-04
   1.3328381e-04
   1.2649696e-04
   1.1963136e-04
   1.1268049e-04
   1.0563680e-04
   9.8495545e-05
   9.1257364e-05
   8.3929542e-05
   7.6526090e-05
   6.9066985e-05
   6.1576972e-05
   5.4084234e-05
   4.6619085e-05
   3.9212628e-05
   3.1895235e-05
   2.4694800e-05
   1.7634767e-05
   1.0731994e-05
   3.9946234e-06
  -2.5798032e-06
  -9.0058013e-06
  -1.5310748e-05
  -2.1534828e-05
  -2.7729912e-05
  -3.3957229e-05
  -4.0283820e-05
  -4.6778015e-05
  -5.3504315e-05
  -6.0518195e-05
  -6.7861326e-05
  -7.5557633e-05
  -8.3610535e-05
  -9.2001587e-05
  -1.0069058e-04
  -1.0961702e-04
  -1.1870263e-04
  -1.2785462e-04
  -1.3696890e-04
  -1.4593314e-04
  -1.5462906e-04
  -1.6293427e-04
  -1.7072351e-04
  -1.7786985e-04
  -1.8424599e-04
  -1.8972532e-04
  -1.9418378e-04
  -1.9750201e-04
  -1.9956764e-04
  -2.0027804e-04
  -1.9954336e-04
  -1.9728982e-04
  -1.9346292e-04
  -1.8803051e-04
  -1.8098539e-04
  -1.7234737e-04
  -1.6216492e-04
  -1.5051620e-04
  -1.3750974e-04
  -1.2328461e-04
  -1.0800973e-04
  -9.1882343e-05
  -7.5125248e-05
  -5.7982774e-05
  -4.0715588e-05
  -2.3594468e-05
  -6.8932699e-06
   9.1186865e-06
   2.4184526e-05
   3.8067615e-05
   5.0558783e-05
   6.1482440e-05
   7.0701117e-05
   7.8118107e-05
   8.3678099e-05
   8.7366004e-05
   8.9204340e-05
   8.9249619e-05
   8.7588174e-05
   8.4331766e-05
   7.9613168e-05
   7.3581794e-05
   6.6399318e-05
   5.8235284e-05
   4.9262665e-05
   3.9653485e-05
   2.9574693e-05
   1.9184630e-05
   8.6305044e-06
  -1.9527272e-06
  -1.2441877e-05
  -2.2723503e-05
  -3.2690780e-05
  -4.2239964e-05
  -5.1267228e-05
  -5.9666690e-05
  -6.7330236e-05
  -7.4149295e-05
  -8.0018330e-05
  -8.4839413e-05
  -8.8527134e-05
  -9.1013050e-05
  -9.2249036e-05
  -9.2209207e-05
  -9.0890309e-05
  -8.8310766e-05
  -8.4508739e-05
  -7.9539623e-05
  -7.3473459e-05
  -6.6392617e-05
  -5.8389997e-05
  -4.9567881e-05
  -4.0037453e-05
  -2.9918920e-05
  -1.9342045e-05
  -8.4467386e-06
   2.6166258e-06
   1.3687575e-05
   2.4596881e-05
   3.5169061e-05
   4.5226064e-05
   5.4591964e-05
   6.3098308e-05
   7.0589699e-05
   7.6929226e-05
   8.2003349e-05
   8.5726002e-05
   8.8041741e-05
   8.8927914e-05
   8.8395853e-05
   8.6490986e-05
   8.3291762e-05
   7.8907340e-05
   7.3474060e-05
   6.7150886e-05
   6.0114139e-05
   5.2551901e-05
   4.4658435e-05
   3.6628917e-05
   2.8654728e-05
   2.0919382e-05
   1.3595042e-05
   6.8395120e-06
   7.9353193e-07
  -4.4217289e-06
  -8.7071321e-06
  -1.1988028e-05
  -1.4216671e-05
  -1.5374502e-05
  -1.5474108e-05
  -1.4560693e-05
  -1.2712790e-05
  -1.0041990e-05
  -6.6914345e-06
  -2.8327846e-06
   1.3385432e-06
   5.6099843e-06
   9.7602036e-06
   1.3568970e-05
   1.6828059e-05
   1.9352492e-05
   2.0991330e-05
   2.1637183e-05
   2.1233678e-05
   1.9780208e-05
   1.7333446e-05
   1.4005378e-05
   9.9577835e-06
   5.3933021e-06
   5.4357343e-07
  -4.3447563e-06
  -9.0251078e-06
  -1.3265838e-05
  -1.6863567e-05
  -1.9653793e-05
  -2.1517956e-05
  -2.2386629e-05
  -2.2238986e-05
  -2.1099226e-05
  -1.9030810e-05
  -1.6129437e-05
  -1.2515566e-05
  -8.3270678e-06
  -3.7123304e-06
   1.1759769e-06
   6.1864385e-06
   1.1173670e-05
   1.6002220e-05
   2.0549466e-05
   2.4707448e-05
   2.8383653e-05
   3.1500924e-05
   3.3996731e-05
   3.5822130e-05
   3.6940646e-05
   3.7327330e-05
   3.6968134e-05
   3.5859762e-05
   3.4010035e-05
   3.1438714e-05
   2.8178596e-05
   2.4276724e-05
   1.9795486e-05
   1.4813428e-05
   9.4255673e-06
   3.7430045e-06
  -2.1083673e-06
  -7.9901928e-06
  -1.3755057e-05
  -1.9250756e-05
  -2.4325113e-05
  -2.8830848e-05
  -3.2630020e-05
  -3.5597676e-05
  -3.7624579e-05
  -3.8619153e-05
  -3.8508921e-05
  -3.7241776e-05
  -3.4787286e-05
  -3.1138031e-05
  -2.6310731e-05
  -2.0346812e-05
  -1.3312089e-05
  -5.2953911e-06
   3.5938623e-06
   1.3228951e-05
   2.3469706e-05
   3.4166629e-05
   4.5165002e-05
   5.6308726e-05
   6.7443688e-05
   7.8420580e-05
   8.9097097e-05
   9.9339515e-05
   1.0902367e-04
   1.1803541e-04
   1.2627059e-04
   1.3363499e-04
   1.4004431e-04
   1.4542448e-04
   1.4971237e-04
   1.5285681e-04
   1.5481981e-04
   1.5557771e-04
   1.5512211e-04
   1.5346047e-04
   1.5061646e-04
   1.4662985e-04
   1.4155615e-04
   1.3546570e-04
   1.2844240e-04
   1.2058171e-04
   1.1198841e-04
   1.0277385e-04
   9.3053194e-05
   8.2942697e-05
   7.2557273e-05
   6.2008559e-05
   5.1403608e-05
   4.0844304e-05
   3.0427497e-05
   2.0245705e-05
   1.0388063e-05
   9.4110410e-07
  -8.0110510e-06
  -1.6387356e-05
  -2.4111426e-05
  -3.1113852e-05
  -3.7334879e-05
  -4.2727046e-05
  -4.7257482e-05
  -5.0909756e-05
  -5.3685421e-05
  -5.5605477e-05
  -5.6711968e-05
  -5.7069758e-05
  -5.6768256e-05
  -5.5922656e-05
  -5.4674130e-05
  -5.3188572e-05
  -5.1653610e-05
  -5.0273956e-05
  -4.9265250e-05
  -4.8846732e-05
  -4.9233050e-05
  -5.0625587e-05
  -5.3203664e-05
  -5.7115981e-05
  -6.2472760e-05
  -6.9339048e-05
  -7.7729605e-05
  -8.7605739e-05
  -9.8874308e-05
  -1.1138890e-04
  -1.2495302e-04
  -1.3932505e-04
  -1.5422462e-04
  -1.6933999e-04
  -1.8433646e-04
  -1.9886536e-04
  -2.1257382e-04
  -2.2511470e-04
  -2.3615662e-04
  -2.4539356e-04
  -2.5255384e-04
  -2.5740809e-04
  -2.5977602e-04
  -2.5953161e-04
  -2.5660656e-04
  -2.5099170e-04
  -2.4273610e-04
  -2.3194402e-04
  -2.1876966e-04
  -2.0341028e-04
  -1.8609815e-04
  -1.6709202e-04
  -1.4666858e-04
  -1.2511451e-04
  -1.0271931e-04
  -7.9769090e-05
  -5.6541397e-05
  -3.3301112e-05
  -1.0297317e-05
   1.2238844e-05
   3.4095511e-05
   5.5080831e-05
   7.5023283e-05
   9.3771780e-05
   1.1119570e-04
   1.2718484e-04
   1.4164937e-04
   1.5451942e-04
   1.6574458e-04
   1.7529284e-04
   1.8314943e-04
   1.8931546e-04
   1.9380660e-04
   1.9665178e-04
   1.9789186e-04
   1.9757818e-04
   1.9577092e-04
   1.9253708e-04
   1.8794828e-04
   1.8207844e-04
   1.7500167e-04
   1.6679062e-04
   1.5751557e-04
   1.4724451e-04
   1.3604426e-04
   1.2398263e-04
   1.1113144e-04
   9.7570046e-05
   8.3389223e-05
   6.8694771e-05
   5.3610619e-05
   3.8280853e-05
   2.2870249e-05
   7.5629213e-06
  -7.4410436e-06
  -2.1930877e-05
  -3.5692005e-05
  -4.8513960e-05
  -6.0198660e-05
  -7.0568339e-05
  -7.9472415e-05
  -8.6792652e-05
  -9.2446192e-05
  -9.6386267e-05
  -9.8600769e-05
  -9.9109076e-05
  -9.7957732e-05
  -9.5215623e-05
  -9.0969212e-05
  -8.5318239e-05
  -7.8372153e-05
  -7.0247396e-05
  -6.1065520e-05
  -5.0952019e-05
  -4.0035758e-05
  -2.8448802e-05
  -1.6326542e-05
  -3.8079188e-06
   8.9644883e-06
   2.1844855e-05
   3.4685268e-05
   4.7337805e-05
   5.9657506e-05
   7.1505985e-05
   8.2755187e-05
   9.3290803e-05
   1.0301490e-04
   1.1184755e-04
   1.1972741e-04
   1.2661123e-04
   1.3247260e-04
   1.3730007e-04
   1.4109463e-04
   1.4386704e-04
   1.4563488e-04
   1.4641976e-04
   1.4624483e-04
   1.4513287e-04
   1.4310513e-04
   1.4018099e-04
   1.3637823e-04
   1.3171398e-04
   1.2620573e-04
   1.1987240e-04
   1.1273508e-04
   1.0481755e-04
   9.6146494e-05
   8.6751840e-05
   7.6667131e-05
   6.5930166e-05
   5.4583878e-05
   4.2677406e-05
   3.0267253e-05
   1.7418456e-05
   4.2057061e-06
  -9.2856250e-06
  -2.2958636e-05
  -3.6704345e-05
  -5.0401544e-05
  -6.3917199e-05
  -7.7107559e-05
  -8.9820049e-05
  -1.0189604e-04
  -1.1317444e-04
  -1.2349593e-04
  -1.3270761e-04
  -1.4066764e-04
  -1.4724950e-04
  -1.5234547e-04
  -1.5586935e-04
  -1.5775832e-04
  -1.5797432e-04
  -1.5650511e-04
  -1.5336514e-04
  -1.4859639e-04
  -1.4226891e-04
  -1.3448078e-04
  -1.2535736e-04
  -1.1504942e-04
  -1.0373011e-04
  -9.1590799e-05
  -7.8835869e-05
  -6.5676876e-05
  -5.2326372e-05
  -3.8991723e-05
  -2.5869198e-05
  -1.3138550e-05
  -9.5839889e-07
   1.0537198e-05
   2.1240526e-05
   3.1069993e-05
   3.9967795e-05
   4.7895724e-05
   5.4829689e-05
   6.0753765e-05
   6.5654672e-05
   6.9517415e-05
   7.2322531e-05
   7.4045158e-05
   7.4655803e-05
   7.4122487e-05
   7.2413844e-05
   6.9502734e-05
   6.5369979e-05
   6.0007948e-05
   5.3423847e-05
   4.5642627e-05
   3.6709534e-05
   2.6692298e-05
   1.5682940e-05
   3.7990954e-06
  -8.8153740e-06
  -2.1990765e-05
  -3.5533227e-05
  -4.9227990e-05
  -6.2844176e-05
  -7.6141093e-05
  -8.8875665e-05
  -1.0081054e-04
  -1.1172231e-04
  -1.2140937e-04
  -1.2969887e-04
  -1.3645249e-04
  -1.4157079e-04
  -1.4499583e-04
  -1.4671221e-04
  -1.4674657e-04
  -1.4516559e-04
  -1.4207281e-04
  -1.3760436e-04
  -1.3192387e-04
  -1.2521658e-04
  -1.1768282e-04
  -1.0953087e-04
  -1.0096939e-04
  -9.2199654e-05
  -8.3408036e-05
  -7.4759286e-05
  -6.6391183e-05
  -5.8411019e-05
  -5.0894164e-05
  -4.3884761e-05
  -3.7398270e-05
  -3.1425418e-05
  -2.5937037e-05
  -2.0889223e-05
  -1.6228302e-05
  -1.1895198e-05
  -7.8289297e-06
  -3.9690747e-06
  -2.5729368e-07
   3.3618711e-06
   6.9405554e-06
   1.0527127e-05
   1.4165477e-05
   1.7893924e-05
   2.1743779e-05
   2.5737770e-05
   2.9888748e-05
   3.4199062e-05
   3.8660918e-05
   4.3257856e-05
   4.7967271e-05
   5.2763734e-05
   5.7622652e-05
   6.2523704e-05
   6.7453474e-05
   7.2406810e-05
   7.7386710e-05
   8.2402724e-05
   8.7468168e-05
   9.2596584e-05
   9.7797937e-05
   1.0307501e-04
   1.0842028e-04
   1.1381325e-04
   1.1921846e-04
   1.2458382e-04
   1.2983955e-04
   1.3489767e-04
   1.3965249e-04
   1.4398231e-04
   1.4775270e-04
   1.5082157e-04
   1.5304559e-04
   1.5428780e-04
   1.5442550e-04
   1.5335799e-04
   1.5101332e-04
   1.4735371e-04
   1.4237919e-04
   1.3612923e-04
   1.2868247e-04
   1.2015427e-04
   1.1069249e-04
   1.0047160e-04
   8.9685534e-05
   7.8539743e-05
   6.7243008e-05
   5.5999479e-05
   4.5001556e-05
   3.4424055e-05
   2.4419996e-05
   1.5118127e-05
   6.6220653e-06
  -9.8931235e-07
  -7.6607167e-06
  -1.3359015e-05
  -1.8071941e-05
  -2.1807146e-05
  -2.4591587e-05
  -2.6471102e-05
  -2.7509914e-05
  -2.7789795e-05
  -2.7408622e-05
  -2.6478151e-05
  -2.5120969e-05
  -2.3466668e-05
  -2.1647473e-05
  -1.9793642e-05
  -1.8029081e-05
  -1.6467585e-05
  -1.5209982e-05
  -1.4342275e-05
  -1.3934642e-05
  -1.4041056e-05
  -1.4699293e-05
  -1.5931157e-05
  -1.7742906e-05
  -2.0125948e-05
  -2.3057937e-05
  -2.6504389e-05
  -3.0420922e-05
  -3.4756047e-05
  -3.9454293e-05
  -4.4459295e-05
  -4.9716450e-05
  -5.5174779e-05
  -6.0787832e-05
  -6.6513579e-05
  -7.2313508e-05
  -7.8151259e-05
  -8.3991215e-05
  -8.9797487e-05
  -9.5533705e-05
  -1.0116371e-04
  -1.0665307e-04
  -1.1197115e-04
  -1.1709314e-04
  -1.2200162e-04
  -1.2668708e-04
  -1.3114701e-04
  -1.3538346e-04
  -1.3939936e-04
  -1.4319414e-04
  -1.4675944e-04
  -1.5007550e-04
  -1.5310901e-04
  -1.5581244e-04
  -1.5812525e-04
  -1.5997657e-04
  -1.6128921e-04
  -1.6198443e-04
  -1.6198700e-04
  -1.6123012e-04
  -1.5965979e-04
  -1.5723815e-04
  -1.5394579e-04
  -1.4978271e-04
  -1.4476807e-04
  -1.3893886e-04
  -1.3234758e-04
  -1.2505932e-04
  -1.1714855e-04
  -1.0869604e-04
  -9.9785799e-05
  -9.0502582e-05
  -8.0929554e-05
  -7.1146333e-05
  -6.1227202e-05
  -5.1239558e-05
  -4.1242601e-05
  -3.1286388e-05
  -2.1411378e-05
  -1.1648571e-05
  -2.0203639e-06
   7.4577982e-06
   1.6775032e-05
   2.5922118e-05
   3.4888471e-05
   4.3659488e-05
   5.2214744e-05
   6.0527476e-05
   6.8565566e-05
   7.6294002e-05
   8.3678390e-05
   9.0688991e-05
   9.7304626e-05
   1.0351588e-04
   1.0932718e-04
   1.1475758e-04
   1.1984005e-04
   1.2461953e-04
   1.2914974e-04
   1.3348929e-04
   1.3769714e-04
   1.4182814e-04
   1.4592872e-04
   1.5003313e-04
   1.5416039e-04
   1.5831203e-04
   1.6247072e-04
   1.6659981e-04
   1.7064400e-04
   1.7453101e-04
   1.7817437e-04
   1.8147693e-04
   1.8433488e-04
   1.8664185e-04
   1.8829274e-04
   1.8918724e-04
   1.8923293e-04
   1.8834797e-04
   1.8646363e-04
   1.8352650e-04
   1.7950057e-04
   1.7436921e-04
   1.6813680e-04
   1.6083029e-04
   1.5250032e-04
   1.4322191e-04
   1.3309444e-04
   1.2224045e-04
   1.1080321e-04
   9.8942861e-05
   8.6831468e-05
   7.4647275e-05
   6.2568653e-05
   5.0768155e-05
   3.9406922e-05
   2.8629679e-05
   1.8560556e-05
   9.2999047e-06
   9.2231187e-07
  -6.5240832e-06
  -1.3016937e-05
  -1.8557796e-05
  -2.3169206e-05
  -2.6891192e-05
  -2.9777476e-05
  -3.1891861e-05
  -3.3305032e-05
  -3.4091975e-05
  -3.4330071e-05
  -3.4097796e-05
  -3.3473846e-05
  -3.2536486e-05
  -3.1362956e-05
  -3.0028894e-05
  -2.8607780e-05
  -2.7170445e-05
  -2.5784729e-05
  -2.4515353e-05
  -2.3424024e-05
  -2.2569742e-05
  -2.2009300e-05
  -2.1797890e-05
  -2.1989651e-05
  -2.2637957e-05
  -2.3795242e-05
  -2.5512190e-05
  -2.7836237e-05
  -3.0809522e-05
  -3.4466566e-05
  -3.8832001e-05
  -4.3918648e-05
  -4.9726123e-05
  -5.6239955e-05
  -6.3431061e-05
  -7.1255361e-05
  -7.9653386e-05
  -8.8549847e-05
  -9.7853221e-05
  -1.0745556e-04
  -1.1723274e-04
  -1.2704555e-04
  -1.3674167e-04
  -1.4615880e-04
  -1.5512877e-04
  -1.6348246e-04
  -1.7105513e-04
  -1.7769178e-04
  -1.8325227e-04
  -1.8761587e-04
  -1.9068519e-04
  -1.9238932e-04
  -1.9268628e-04
  -1.9156477e-04
  -1.8904519e-04
  -1.8518004e-04
  -1.8005344e-04
  -1.7377970e-04
  -1.6650064e-04
  -1.5838144e-04
  -1.4960502e-04
  -1.4036494e-04
  -1.3085732e-04
  -1.2127235e-04
  -1.1178609e-04
  -1.0255326e-04
  -9.3701626e-05
  -8.5328113e-05
  -7.7496752e-05
  -7.0238171e-05
  -6.3550337e-05
  -5.7400314e-05
  -5.1726866e-05
  -4.6443930e-05
  -4.1444927e-05
  -3.6607882e-05
  -3.1801203e-05
  -2.6889890e-05
  -2.1741846e-05
  -1.6234036e-05
  -1.0258217e-05
  -3.7260442e-06
   3.4266551e-06
   1.1236687e-05
   1.9711575e-05
   2.8829069e-05
   3.8538059e-05
   4.8760740e-05
   5.9395801e-05
   7.0322430e-05
   8.1404912e-05
   9.2497658e-05
   1.0345054e-04
   1.1411429e-04
   1.2434592e-04
   1.3401389e-04
   1.4300297e-04
   1.5121873e-04
   1.5859120e-04
   1.6507777e-04
   1.7066465e-04
   1.7536689e-04
   1.7922650e-04
   1.8230874e-04
   1.8469650e-04
   1.8648316e-04
   1.8776433e-04
   1.8862897e-04
   1.8915090e-04
   1.8938121e-04
   1.8934241e-04
   1.8902490e-04
   1.8838611e-04
   1.8735236e-04
   1.8582330e-04
   1.8367852e-04
   1.8078575e-04
   1.7700990e-04
   1.7222250e-04
   1.6631059e-04
   1.5918458e-04
   1.5078466e-04
   1.4108522e-04
   1.3009733e-04
   1.1786906e-04
   1.0448381e-04
   9.0056846e-05
   7.4730247e-05
   5.8666708e-05
   4.2042804e-05
   2.5042322e-05
   7.8503349e-06
  -9.3515038e-06
  -2.6388128e-05
  -4.3092687e-05
  -5.9306965e-05
  -7.4881053e-05
  -8.9672837e-05
  -1.0354780e-04
  -1.1637944e-04
  -1.2805050e-04
  -1.3845489e-04
  -1.4750016e-04
  -1.5511001e-04
  -1.6122662e-04
  -1.6581224e-04
  -1.6884990e-04
  -1.7034313e-04
  -1.7031494e-04
  -1.6880625e-04
  -1.6587427e-04
  -1.6159101e-04
  -1.5604203e-04
  -1.4932558e-04
  -1.4155175e-04
  -1.3284182e-04
  -1.2332731e-04
  -1.1314893e-04
  -1.0245521e-04
  -9.1400975e-05
  -8.0145610e-05
  -6.8851210e-05
  -5.7680522e-05
  -4.6794565e-05
  -3.6349778e-05
  -2.6494651e-05
  -1.7365893e-05
  -9.0844061e-06
  -1.7514383e-06
   4.5546214e-06
   9.7803709e-06
   1.3898138e-05
   1.6905279e-05
   1.8822225e-05
   1.9689651e-05
   1.9565233e-05
   1.8520412e-05
   1.6637406e-05
   1.4006515e-05
   1.0723693e-05
   6.8882555e-06
   2.6006810e-06
  -2.0394525e-06
  -6.9352412e-06
  -1.1993830e-05
  -1.7127318e-05
  -2.2253197e-05
  -2.7294383e-05
  -3.2178947e-05
  -3.6839642e-05
  -4.1213294e-05
  -4.5240212e-05
  -4.8863789e-05
  -5.2030528e-05
  -5.4690680e-05
  -5.6799574e-05
  -5.8319559e-05
  -5.9222312e-05
  -5.9491154e-05
  -5.9122978e-05
  -5.8129468e-05
  -5.6537399e-05
  -5.4387978e-05
  -5.1735321e-05
  -4.8644295e-05
  -4.5187962e-05
  -4.1444900e-05
  -3.7496557e-05
  -3.3424723e-05
  -2.9309057e-05
  -2.5224467e-05
  -2.1238240e-05
  -1.7406884e-05
  -1.3772868e-05
  -1.0361645e-05
  -7.1795129e-06
  -4.2128505e-06
  -1.4291430e-06
   1.2200553e-06
   3.7943347e-06
   6.3583190e-06
   8.9750254e-06
   1.1699617e-05
   1.4574440e-05
   1.7625979e-05
   2.0864004e-05
   2.4282807e-05
   2.7864129e-05
   3.1581120e-05
   3.5402625e-05
   3.9297121e-05
   4.3235764e-05
   4.7194168e-05
   5.1152828e-05
   5.5096297e-05
   5.9011374e-05
   6.2884689e-05
   6.6700033e-05
   7.0435712e-05
   7.4062174e-05
   7.7540048e-05
   8.0818716e-05
   8.3835509e-05
   8.6515633e-05
   8.8772960e-05
   9.0511922e-05
   9.1630669e-05
   9.2025594e-05
   9.1597149e-05
   9.0256664e-05
   8.7933659e-05
   8.4582938e-05
   8.0190664e-05
   7.4778748e-05
   6.8407079e-05
   6.1173480e-05
   5.3211501e-05
   4.4686304e-05
   3.5789077e-05
   2.6730393e-05
   1.7732903e-05
   9.0237250e-06
   8.2684110e-07
  -6.6442288e-06
  -1.3193215e-05
  -1.8647148e-05
  -2.2861554e-05
  -2.5724713e-05
  -2.7160878e-05
  -2.7132350e-05
  -2.5640342e-05
  -2.2724576e-05
  -1.8461683e-05
  -1.2962629e-05
  -6.3693994e-06
   1.1487959e-06
   9.3996332e-06
   1.8172040e-05
   2.7240844e-05
   3.6371782e-05
   4.5326939e-05
   5.3870583e-05
   6.1775272e-05
   6.8828018e-05
   7.4836263e-05
   7.9633400e-05
   8.3083637e-05
   8.5086003e-05
   8.5577363e-05
   8.4534276e-05
   8.1973621e-05
   7.7951936e-05
   7.2563292e-05
   6.5935610e-05
   5.8225396e-05
   4.9611113e-05
   4.0285571e-05
   3.0447882e-05
   2.0295656e-05
   1.0018064e-05
  -2.0968073e-07
  -1.0230178e-05
  -1.9906079e-05
  -2.9120861e-05
  -3.7778403e-05
  -4.5801580e-05
  -5.3130116e-05
  -5.9717869e-05
  -6.5529871e-05
  -7.0539387e-05
  -7.4725302e-05
  -7.8070102e-05
  -8.0558616e-05
  -8.2177604e-05
  -8.2916135e-05
  -8.2766656e-05
  -8.1726637e-05
  -7.9800612e-05
  -7.7002372e-05
  -7.3357005e-05
  -6.8902468e-05
  -6.3690330e-05
  -5.7785483e-05
  -5.1264802e-05
  -4.4214862e-05
  -3.6728949e-05
  -2.8903658e-05
  -2.0835361e-05
  -1.2616806e-05
  -4.3339980e-06
   3.9364890e-06
   1.2129687e-05
   2.0193779e-05
   2.8090926e-05
   3.5797265e-05
