   3.8575890e-08
   4.9948242e-03
   9.9414909e-03
   1.4793104e-02
   1.9505020e-02
   2.4035858e-02
   2.8348277e-02
   3.2409563e-02
   3.6191995e-02
   3.9673031e-02
   4.2835314e-02
   4.5666550e-02
   4.8159260e-02
   5.0310463e-02
   5.2121291e-02
   5.3596572e-02
   5.4744391e-02
   5.5575656e-02
   5.6103669e-02
   5.6343712e-02
   5.6312661e-02
   5.6028623e-02
   5.5510605e-02
   5.4778208e-02
   5.3851355e-02
   5.2750044e-02
   5.1494129e-02
   5.0103131e-02
   4.8596066e-02
   4.6991306e-02
   4.5306454e-02
   4.3558244e-02
   4.1762458e-02
   3.9933863e-02
   3.8086165e-02
   3.6231976e-02
   3.4382797e-02
   3.2549020e-02
   3.0739929e-02
   2.8963727e-02
   2.7227564e-02
   2.5537575e-02
   2.3898924e-02
   2.2315864e-02
   2.0791784e-02
   1.9329279e-02
   1.7930209e-02
   1.6595763e-02
   1.5326529e-02
   1.4122555e-02
   1.2983417e-02
   1.1908277e-02
   1.0895943e-02
   9.9449283e-03
   9.0535001e-03
   8.2197302e-03
   7.4415395e-03
   6.7167378e-03
   6.0430607e-03
   5.4182008e-03
   4.8398365e-03
   4.3056549e-03
   3.8133727e-03
   3.3607522e-03
   2.9456150e-03
   2.5658520e-03
   2.2194310e-03
   1.9044021e-03
   1.6189002e-03
   1.3611466e-03
   1.1294489e-03
   9.2219854e-04
   7.3786918e-04
   5.7501270e-04
   4.3225546e-04
   3.0829397e-04
   2.0189034e-04
   1.1186766e-04
   3.7105469e-05
  -2.3464641e-05
  -7.0863205e-05
  -1.0606673e-04
  -1.3001120e-04
  -1.4359521e-04
  -1.4768266e-04
  -1.4310507e-04
  -1.3066342e-04
  -1.1112968e-04
  -8.5247868e-05
  -5.3734806e-05
  -1.7280529e-05
   2.3451584e-05
   6.7824932e-05
   1.1523001e-04
   1.6508489e-04
   2.1683576e-04
   2.6995758e-04
   3.2395469e-04
   3.7836134e-04
   4.3274226e-04
   4.8669298e-04
   5.3984017e-04
   5.9184170e-04
   6.4238667e-04
   6.9119519e-04
   7.3801811e-04
   7.8263650e-04
   8.2486107e-04
   8.6453143e-04
   9.0151520e-04
   9.3570702e-04
   9.6702743e-04
   9.9542161e-04
   1.0208580e-03
   1.0433270e-03
   1.0628390e-03
   1.0794232e-03
   1.0931259e-03
   1.1040086e-03
   1.1121462e-03
   1.1176258e-03
   1.1205448e-03
   1.1210092e-03
   1.1191323e-03
   1.1150335e-03
   1.1088366e-03
   1.1006687e-03
   1.0906594e-03
   1.0789396e-03
   1.0656403e-03
   1.0508924e-03
   1.0348252e-03
   1.0175662e-03
   9.9924029e-04
   9.7996922e-04
   9.5987101e-04
   9.3905957e-04
   9.1764432e-04
   8.9572986e-04
   8.7341575e-04
   8.5079637e-04
   8.2796074e-04
   8.0499257e-04
   7.8197020e-04
   7.5896665e-04
   7.3604971e-04
   7.1328198e-04
   6.9072101e-04
   6.6841938e-04
   6.4642480e-04
   6.2478019e-04
   6.0352381e-04
   5.8268937e-04
   5.6230618e-04
   5.4239925e-04
   5.2298953e-04
   5.0409407e-04
   4.8572629e-04
   4.6789613e-04
   4.5061041e-04
   4.3387306e-04
   4.1768539e-04
   4.0204647e-04
   3.8695336e-04
   3.7240149e-04
   3.5838495e-04
   3.4489678e-04
   3.3192926e-04
   3.1947414e-04
   3.0752285e-04
   2.9606667e-04
   2.8509679e-04
   2.7460440e-04
   2.6458068e-04
   2.5501677e-04
   2.4590370e-04
   2.3723232e-04
   2.2899321e-04
   2.2117662e-04
   2.1377236e-04
   2.0676982e-04
   2.0015786e-04
   1.9392486e-04
   1.8805875e-04
   1.8254696e-04
   1.7737658e-04
   1.7253432e-04
   1.6800663e-04
   1.6377975e-04
   1.5983974e-04
   1.5617259e-04
   1.5276424e-04
   1.4960065e-04
   1.4666784e-04
   1.4395195e-04
   1.4143930e-04
   1.3911642e-04
   1.3697011e-04
   1.3498747e-04
   1.3315593e-04
   1.3146328e-04
   1.2989763e-04
   1.2844747e-04
   1.2710161e-04
   1.2584920e-04
   1.2467967e-04
   1.2358271e-04
   1.2254824e-04
   1.2156638e-04
   1.2062736e-04
   1.1972153e-04
   1.1883927e-04
   1.1797099e-04
   1.1710708e-04
   1.1623792e-04
   1.1535394e-04
   1.1444560e-04
   1.1350355e-04
   1.1251866e-04
   1.1148218e-04
   1.1038580e-04
   1.0922181e-04
   1.0798313e-04
   1.0666338e-04
   1.0525691e-04
   1.0375884e-04
   1.0216496e-04
   1.0047177e-04
   9.8676400e-05
   9.6776576e-05
   9.4770591e-05
   9.2657286e-05
   9.0436037e-05
   8.8106767e-05
   8.5669965e-05
   8.3126718e-05
   8.0478748e-05
   7.7728455e-05
   7.4878964e-05
   7.1934161e-05
   6.8898743e-05
   6.5778247e-05
   6.2579084e-05
   5.9308561e-05
   5.5974884e-05
   5.2587150e-05
   4.9155306e-05
   4.5690082e-05
   4.2202892e-05
   3.8705702e-05
   3.5210871e-05
   3.1730966e-05
   2.8278565e-05
   2.4866051e-05
   2.1505408e-05
   1.8208036e-05
   1.4984586e-05
   1.1844824e-05
   8.7975274e-06
   5.8504192e-06
   3.0101256e-06
   2.8216679e-07
  -2.3290341e-06
  -4.8201261e-06
  -7.1887964e-06
  -9.4337305e-06
  -1.1554568e-05
  -1.3551848e-05
  -1.5426952e-05
  -1.7182029e-05
  -1.8819919e-05
  -2.0344070e-05
  -2.1758458e-05
  -2.3067515e-05
  -2.4276073e-05
  -2.5389323e-05
  -2.6412781e-05
  -2.7352271e-05
  -2.8213896e-05
  -2.9004022e-05
  -2.9729242e-05
  -3.0396336e-05
  -3.1012207e-05
  -3.1583816e-05
  -3.2118101e-05
  -3.2621896e-05
  -3.3101845e-05
  -3.3564316e-05
  -3.4015315e-05
  -3.4460403e-05
  -3.4904610e-05
  -3.5352358e-05
  -3.5807381e-05
  -3.6272654e-05
  -3.6750341e-05
  -3.7241754e-05
  -3.7747347e-05
  -3.8266729e-05
  -3.8798722e-05
  -3.9341439e-05
  -3.9892405e-05
  -4.0448700e-05
  -4.1007120e-05
  -4.1564345e-05
  -4.2117105e-05
  -4.2662340e-05
  -4.3197333e-05
  -4.3719826e-05
  -4.4228107e-05
  -4.4721067e-05
  -4.5198233e-05
  -4.5659776e-05
  -4.6106495e-05
  -4.6539780e-05
  -4.6961559e-05
  -4.7374221e-05
  -4.7780531e-05
  -4.8183532e-05
  -4.8586433e-05
  -4.8992495e-05
  -4.9404904e-05
  -4.9826658e-05
  -5.0260444e-05
  -5.0708536e-05
  -5.1172701e-05
  -5.1654122e-05
  -5.2153331e-05
  -5.2670163e-05
  -5.3203721e-05
  -5.3752363e-05
  -5.4313704e-05
  -5.4884656e-05
  -5.5461478e-05
  -5.6039866e-05
  -5.6615063e-05
  -5.7181985e-05
  -5.7735360e-05
  -5.8269867e-05
  -5.8780272e-05
  -5.9261547e-05
  -5.9708974e-05
  -6.0118227e-05
  -6.0485427e-05
  -6.0807190e-05
  -6.1080648e-05
  -6.1303458e-05
  -6.1473809e-05
  -6.1590421e-05
  -6.1652529e-05
  -6.1659887e-05
  -6.1612744e-05
  -6.1511841e-05
  -6.1358382e-05
  -6.1154023e-05
  -6.0900843e-05
  -6.0601319e-05
  -6.0258309e-05
  -5.9875031e-05
  -5.9455050e-05
  -5.9002270e-05
  -5.8520936e-05
  -5.8015625e-05
  -5.7491247e-05
  -5.6953025e-05
  -5.6406474e-05
  -5.5857355e-05
  -5.5311618e-05
  -5.4775328e-05
  -5.4254573e-05
  -5.3755365e-05
  -5.3283532e-05
  -5.2844614e-05
  -5.2443754e-05
  -5.2085604e-05
  -5.1774238e-05
  -5.1513079e-05
  -5.1304831e-05
  -5.1151434e-05
  -5.1054016e-05
  -5.1012875e-05
  -5.1027461e-05
  -5.1096382e-05
  -5.1217428e-05
  -5.1387610e-05
  -5.1603217e-05
  -5.1859892e-05
  -5.2152713e-05
  -5.2476290e-05
  -5.2824850e-05
  -5.3192342e-05
  -5.3572527e-05
  -5.3959082e-05
  -5.4345687e-05
  -5.4726123e-05
  -5.5094361e-05
  -5.5444652e-05
  -5.5771605e-05
  -5.6070281e-05
  -5.6336265e-05
  -5.6565751e-05
  -5.6755606e-05
  -5.6903439e-05
  -5.7007642e-05
  -5.7067431e-05
  -5.7082855e-05
  -5.7054792e-05
  -5.6984925e-05
  -5.6875692e-05
  -5.6730218e-05
  -5.6552232e-05
  -5.6345974e-05
  -5.6116087e-05
  -5.5867515e-05
  -5.5605391e-05
  -5.5334932e-05
  -5.5061327e-05
  -5.4789627e-05
  -5.4524634e-05
  -5.4270791e-05
  -5.4032082e-05
  -5.3811938e-05
  -5.3613165e-05
  -5.3437891e-05
  -5.3287545e-05
  -5.3162864e-05
  -5.3063941e-05
  -5.2990286e-05
  -5.2940917e-05
  -5.2914468e-05
  -5.2909293e-05
  -5.2923572e-05
  -5.2955403e-05
  -5.3002871e-05
  -5.3064110e-05
  -5.3137328e-05
  -5.3220822e-05
  -5.3312988e-05
  -5.3412314e-05
  -5.3517379e-05
  -5.3626861e-05
  -5.3739551e-05
  -5.3854380e-05
  -5.3970445e-05
  -5.4087043e-05
  -5.4203694e-05
  -5.4320155e-05
  -5.4436417e-05
  -5.4552689e-05
  -5.4669359e-05
  -5.4786945e-05
  -5.4906032e-05
  -5.5027200e-05
  -5.5150945e-05
  -5.5277599e-05
  -5.5407248e-05
  -5.5539658e-05
  -5.5674207e-05
  -5.5809836e-05
  -5.5945025e-05
  -5.6077786e-05
  -5.6205689e-05
  -5.6325920e-05
  -5.6435349e-05
  -5.6530638e-05
  -5.6608347e-05
  -5.6665069e-05
  -5.6697550e-05
  -5.6702818e-05
  -5.6678294e-05
  -5.6621895e-05
  -5.6532115e-05
  -5.6408088e-05
  -5.6249620e-05
  -5.6057211e-05
  -5.5832030e-05
  -5.5575885e-05
  -5.5291154e-05
  -5.4980707e-05
  -5.4647802e-05
  -5.4295977e-05
  -5.3928928e-05
  -5.3550390e-05
  -5.3164020e-05
  -5.2773294e-05
  -5.2381415e-05
  -5.1991229e-05
  -5.1605158e-05
  -5.1225138e-05
  -5.0852569e-05
  -5.0488273e-05
  -5.0132461e-05
  -4.9784720e-05
  -4.9444004e-05
  -4.9108650e-05
  -4.8776435e-05
  -4.8444663e-05
  -4.8110302e-05
  -4.7770130e-05
  -4.7420882e-05
  -4.7059398e-05
  -4.6682747e-05
  -4.6288342e-05
  -4.5874027e-05
  -4.5438131e-05
  -4.4979493e-05
  -4.4497453e-05
  -4.3991830e-05
  -4.3462870e-05
  -4.2911199e-05
  -4.2337765e-05
  -4.1743791e-05
  -4.1130716e-05
  -4.0500136e-05
  -3.9853746e-05
  -3.9193283e-05
  -3.8520481e-05
  -3.7837036e-05
  -3.7144574e-05
  -3.6444643e-05
  -3.5738723e-05
  -3.5028245e-05
  -3.4314638e-05
  -3.3599369e-05
  -3.2884000e-05
  -3.2170227e-05
  -3.1459918e-05
  -3.0755127e-05
  -3.0058097e-05
  -2.9371237e-05
  -2.8697073e-05
  -2.8038190e-05
  -2.7397153e-05
  -2.6776416e-05
  -2.6178229e-05
  -2.5604544e-05
  -2.5056917e-05
  -2.4536430e-05
  -2.4043617e-05
  -2.3578413e-05
  -2.3140123e-05
  -2.2727412e-05
  -2.2338328e-05
  -2.1970345e-05
  -2.1620435e-05
  -2.1285163e-05
  -2.0960808e-05
  -2.0643485e-05
  -2.0329295e-05
  -2.0014468e-05
  -1.9695503e-05
  -1.9369306e-05
  -1.9033303e-05
  -1.8685525e-05
  -1.8324672e-05
  -1.7950138e-05
  -1.7561993e-05
  -1.7160945e-05
  -1.6748258e-05
  -1.6325658e-05
  -1.5895208e-05
  -1.5459173e-05
  -1.5019878e-05
  -1.4579558e-05
  -1.4140211e-05
  -1.3703461e-05
  -1.3270435e-05
  -1.2841662e-05
  -1.2417009e-05
  -1.1995636e-05
  -1.1576006e-05
  -1.1155918e-05
  -1.0732586e-05
  -1.0302741e-05
  -9.8627701e-06
  -9.4088677e-06
  -8.9372020e-06
  -8.4440834e-06
  -7.9261295e-06
  -7.3804186e-06
  -6.8046268e-06
  -6.1971441e-06
  -5.5571657e-06
  -4.8847588e-06
  -4.1809003e-06
  -3.4474830e-06
  -2.6872886e-06
  -1.9039253e-06
  -1.1017330e-06
  -2.8565648e-07
   5.3890242e-07
   1.3662455e-06
   2.1905416e-06
   3.0059829e-06
   3.8069247e-06
   4.5880014e-06
   5.3442123e-06
   6.0709774e-06
   6.7641657e-06
   7.4200993e-06
   8.0355414e-06
   8.6076736e-06
   9.1340686e-06
   9.6126569e-06
   1.0041688e-05
   1.0419685e-05
   1.0745394e-05
   1.1017726e-05
   1.1235700e-05
   1.1398375e-05
   1.1504804e-05
   1.1553982e-05
   1.1544829e-05
   1.1476180e-05
   1.1346808e-05
   1.1155464e-05
   1.0900948e-05
   1.0582194e-05
   1.0198375e-05
   9.7490132e-06
   9.2340909e-06
   8.6541567e-06
   8.0104100e-06
   7.3047631e-06
   6.5398772e-06
   5.7191737e-06
   4.8468213e-06
   3.9277021e-06
   2.9673608e-06
   1.9719421e-06
   9.4811826e-07
  -9.6992424e-08
  -1.1559148e-06
  -2.2209142e-06
  -3.2841034e-06
  -4.3375595e-06
  -5.3734510e-06
  -6.3841735e-06
  -7.3624915e-06
  -8.3016845e-06
  -9.1956896e-06
  -1.0039234e-05
  -1.0827952e-05
  -1.1558478e-05
  -1.2228510e-05
  -1.2836848e-05
  -1.3383390e-05
  -1.3869095e-05
  -1.4295914e-05
  -1.4666684e-05
  -1.4985002e-05
  -1.5255081e-05
  -1.5481584e-05
  -1.5669466e-05
  -1.5823806e-05
  -1.5949647e-05
  -1.6051854e-05
  -1.6134971e-05
  -1.6203112e-05
  -1.6259857e-05
  -1.6308185e-05
  -1.6350419e-05
  -1.6388209e-05
  -1.6422535e-05
  -1.6453748e-05
  -1.6481628e-05
  -1.6505470e-05
  -1.6524195e-05
  -1.6536462e-05
  -1.6540803e-05
  -1.6535744e-05
  -1.6519936e-05
  -1.6492269e-05
  -1.6451975e-05
  -1.6398713e-05
  -1.6332636e-05
  -1.6254435e-05
  -1.6165360e-05
  -1.6067220e-05
  -1.5962359e-05
  -1.5853619e-05
  -1.5744281e-05
  -1.5637992e-05
  -1.5538679e-05
  -1.5450458e-05
  -1.5377530e-05
  -1.5324073e-05
  -1.5294135e-05
  -1.5291517e-05
  -1.5319669e-05
  -1.5381581e-05
  -1.5479691e-05
  -1.5615808e-05
  -1.5791046e-05
  -1.6005779e-05
  -1.6259617e-05
  -1.6551393e-05
  -1.6879175e-05
  -1.7240292e-05
  -1.7631378e-05
  -1.8048443e-05
  -1.8486950e-05
  -1.8941930e-05
  -1.9408093e-05
  -1.9879972e-05
  -2.0352069e-05
  -2.0819006e-05
  -2.1275682e-05
  -2.1717402e-05
  -2.2140004e-05
  -2.2539937e-05
  -2.2914324e-05
  -2.3260977e-05
  -2.3578389e-05
  -2.3865693e-05
  -2.4122599e-05
  -2.4349303e-05
  -2.4546389e-05
  -2.4714716e-05
  -2.4855306e-05
  -2.4969240e-05
  -2.5057573e-05
  -2.5121267e-05
  -2.5161154e-05
  -2.5177920e-05
  -2.5172116e-05
  -2.5144183e-05
  -2.5094478e-05
  -2.5023310e-05
  -2.4930965e-05
  -2.4817736e-05
  -2.4683937e-05
  -2.4529925e-05
  -2.4356119e-05
  -2.4163015e-05
  -2.3951208e-05
  -2.3721407e-05
  -2.3474455e-05
  -2.3211323e-05
  -2.2933106e-05
  -2.2640995e-05
  -2.2336246e-05
  -2.2020126e-05
  -2.1693868e-05
  -2.1358608e-05
  -2.1015334e-05
  -2.0664840e-05
  -2.0307695e-05
  -1.9944236e-05
  -1.9574578e-05
  -1.9198657e-05
  -1.8816297e-05
  -1.8427297e-05
  -1.8031536e-05
  -1.7629091e-05
  -1.7220346e-05
  -1.6806100e-05
  -1.6387654e-05
  -1.5966871e-05
  -1.5546202e-05
  -1.5128677e-05
  -1.4717857e-05
  -1.4317753e-05
  -1.3932719e-05
  -1.3567323e-05
  -1.3226206e-05
  -1.2913941e-05
  -1.2634889e-05
  -1.2393056e-05
  -1.2191976e-05
  -1.2034582e-05
  -1.1923118e-05
  -1.1859049e-05
  -1.1843010e-05
  -1.1874776e-05
  -1.1953259e-05
  -1.2076546e-05
  -1.2241960e-05
  -1.2446148e-05
  -1.2685201e-05
  -1.2954777e-05
  -1.3250238e-05
  -1.3566791e-05
  -1.3899611e-05
  -1.4243976e-05
  -1.4595379e-05
  -1.4949647e-05
  -1.5303047e-05
  -1.5652397e-05
  -1.5995151e-05
  -1.6329483e-05
  -1.6654342e-05
  -1.6969487e-05
  -1.7275503e-05
  -1.7573784e-05
  -1.7866498e-05
  -1.8156526e-05
  -1.8447367e-05
  -1.8743033e-05
  -1.9047912e-05
  -1.9366618e-05
  -1.9703822e-05
  -2.0064084e-05
  -2.0451678e-05
  -2.0870427e-05
  -2.1323552e-05
  -2.1813544e-05
  -2.2342057e-05
  -2.2909824e-05
  -2.3516602e-05
  -2.4161142e-05
  -2.4841184e-05
  -2.5553480e-05
  -2.6293846e-05
  -2.7057235e-05
  -2.7837827e-05
  -2.8629127e-05
  -2.9424071e-05
  -3.0215128e-05
  -3.0994399e-05
  -3.1753716e-05
  -3.2484729e-05
  -3.3179002e-05
  -3.3828090e-05
  -3.4423629e-05
  -3.4957416e-05
  -3.5421490e-05
  -3.5808204e-05
  -3.6110305e-05
  -3.6320999e-05
  -3.6434013e-05
  -3.6443663e-05
  -3.6344911e-05
  -3.6133427e-05
  -3.5805641e-05
  -3.5358801e-05
  -3.4791016e-05
  -3.4101303e-05
  -3.3289621e-05
  -3.2356904e-05
  -3.1305077e-05
  -3.0137065e-05
  -2.8856784e-05
  -2.7469114e-05
  -2.5979853e-05
  -2.4395657e-05
  -2.2723960e-05
  -2.0972886e-05
  -1.9151147e-05
  -1.7267941e-05
  -1.5332853e-05
  -1.3355757e-05
  -1.1346726e-05
  -9.3159647e-06
  -7.2737510e-06
  -5.2303946e-06
  -3.1962037e-06
  -1.1814567e-06
   8.0362691e-07
   2.7489205e-06
   4.6444307e-06
   6.4803425e-06
   8.2470692e-06
   9.9353025e-06
   1.1536061e-05
   1.3040735e-05
   1.4441126e-05
   1.5729484e-05
   1.6898548e-05
   1.7941593e-05
   1.8852482e-05
   1.9625728e-05
   2.0256583e-05
   2.0741132e-05
   2.1076417e-05
   2.1260566e-05
   2.1292922e-05
   2.1174172e-05
   2.0906452e-05
   2.0493411e-05
   1.9940239e-05
   1.9253644e-05
   1.8441773e-05
   1.7514098e-05
   1.6481257e-05
   1.5354876e-05
   1.4147373e-05
   1.2871759e-05
   1.1541435e-05
   1.0170003e-05
   8.7710748e-06
   7.3580986e-06
   5.9441845e-06
   4.5419445e-06
   3.1633375e-06
   1.8195283e-06
   5.2076280e-07
  -7.2373648e-07
  -1.9058458e-06
  -3.0185836e-06
  -4.0561239e-06
  -5.0137815e-06
  -5.8879750e-06
  -6.6761698e-06
  -7.3768110e-06
  -7.9892499e-06
  -8.5136666e-06
  -8.9509927e-06
  -9.3028372e-06
  -9.5714181e-06
  -9.7594950e-06
  -9.8703070e-06
  -9.9075135e-06
  -9.8751372e-06
  -9.7775110e-06
  -9.6192295e-06
  -9.4051067e-06
  -9.1401409e-06
  -8.8294876e-06
  -8.4784410e-06
  -8.0924242e-06
  -7.6769872e-06
  -7.2378115e-06
  -6.7807194e-06
  -6.3116836e-06
  -5.8368341e-06
  -5.3624600e-06
  -4.8950026e-06
  -4.4410394e-06
  -4.0072545e-06
  -3.6003933e-06
  -3.2271958e-06
  -2.8943086e-06
  -2.6081765e-06
  -2.3749130e-06
  -2.2001548e-06
  -2.0889058e-06
  -2.0453741e-06
  -2.0728128e-06
  -2.1733699e-06
  -2.3479611e-06
  -2.5961739e-06
  -2.9162109e-06
  -3.3048773e-06
  -3.7576160e-06
  -4.2685890e-06
  -4.8308029e-06
  -5.4362723e-06
  -6.0762142e-06
  -6.7412664e-06
  -7.4217182e-06
  -8.1077456e-06
  -8.7896441e-06
  -9.4580513e-06
  -1.0104153e-05
  -1.0719868e-05
  -1.1298004e-05
  -1.1832381e-05
  -1.2317926e-05
  -1.2750723e-05
  -1.3128036e-05
  -1.3448285e-05
  -1.3710997e-05
  -1.3916714e-05
  -1.4066881e-05
  -1.4163702e-05
  -1.4209995e-05
  -1.4209026e-05
  -1.4164358e-05
  -1.4079712e-05
  -1.3958842e-05
  -1.3805445e-05
  -1.3623098e-05
  -1.3415225e-05
  -1.3185094e-05
  -1.2935833e-05
  -1.2670471e-05
  -1.2391968e-05
  -1.2103265e-05
  -1.1807309e-05
  -1.1507079e-05
  -1.1205594e-05
  -1.0905912e-05
  -1.0611113e-05
  -1.0324282e-05
  -1.0048482e-05
  -9.7867273e-06
  -9.5419515e-06
  -9.3169806e-06
  -9.1144978e-06
  -8.9370027e-06
  -8.7867599e-06
  -8.6657332e-06
  -8.5755043e-06
  -8.5171800e-06
  -8.4912889e-06
  -8.4976758e-06
  -8.5354020e-06
  -8.6026605e-06
  -8.6967146e-06
  -8.8138661e-06
  -8.9494595e-06
  -9.0979259e-06
  -9.2528622e-06
  -9.4071668e-06
  -9.5531871e-06
  -9.6829181e-06
  -9.7882194e-06
  -9.8610467e-06
  -9.8936866e-06
  -9.8789864e-06
  -9.8105672e-06
  -9.6830151e-06
  -9.4920433e-06
  -9.2346172e-06
  -8.9090409e-06
  -8.5149974e-06
  -8.0535417e-06
  -7.5270480e-06
  -6.9391131e-06
  -6.2944261e-06
  -5.5986127e-06
  -4.8580617e-06
  -4.0797451e-06
  -3.2710393e-06
  -2.4395561e-06
  -1.5929881e-06
  -7.3897402e-07
   1.1501561e-07
   9.6177445e-07
   1.7944349e-06
   2.6065239e-06
   3.3920018e-06
   4.1452868e-06
   4.8612683e-06
   5.5353107e-06
   6.1632518e-06
   6.7413950e-06
   7.2664983e-06
   7.7357622e-06
   8.1468145e-06
   8.4976944e-06
   8.7868358e-06
   9.0130501e-06
   9.1755120e-06
   9.2737437e-06
   9.3076015e-06
   9.2772607e-06
   9.1832008e-06
   9.0261897e-06
   8.8072670e-06
   8.5277220e-06
   8.1890691e-06
   7.7930192e-06
   7.3414502e-06
   6.8363759e-06
   6.2799166e-06
   5.6742754e-06
   5.0217248e-06
   4.3246057e-06
   3.5853420e-06
   2.8064702e-06
   1.9906847e-06
   1.1408910e-06
   2.6026158e-07
  -6.4770899e-07
  -1.5791568e-06
  -2.5298106e-06
  -3.4949654e-06
  -4.4694716e-06
  -5.4477404e-06
  -6.4237675e-06
  -7.3911770e-06
  -8.3432862e-06
  -9.2731909e-06
  -1.0173869e-05
  -1.1038297e-05
  -1.1859584e-05
  -1.2631099e-05
  -1.3346604e-05
  -1.4000378e-05
  -1.4587323e-05
  -1.5103063e-05
  -1.5544020e-05
  -1.5907466e-05
  -1.6191570e-05
  -1.6395410e-05
  -1.6518975e-05
  -1.6563153e-05
  -1.6529703e-05
  -1.6421204e-05
  -1.6241001e-05
  -1.5993128e-05
  -1.5682220e-05
  -1.5313415e-05
  -1.4892255e-05
  -1.4424578e-05
  -1.3916412e-05
  -1.3373876e-05
  -1.2803072e-05
  -1.2209988e-05
  -1.1600408e-05
  -1.0979822e-05
  -1.0353358e-05
  -9.7257200e-06
  -9.1011492e-06
  -8.4834081e-06
  -7.8757825e-06
  -7.2811047e-06
  -6.7017940e-06
  -6.1399073e-06
  -5.5971930e-06
  -5.0751413e-06
  -4.5750264e-06
  -4.0979354e-06
  -3.6447863e-06
  -3.2163332e-06
  -2.8131640e-06
  -2.4356932e-06
  -2.0841508e-06
  -1.7585708e-06
  -1.4587830e-06
  -1.1844085e-06
  -9.3486048e-07
  -7.0934979e-07
  -5.0689524e-07
  -3.2633536e-07
  -1.6634188e-07
  -2.5435002e-08
   9.8001232e-08
   2.0570354e-07
   2.9951248e-07
   3.8135281e-07
   4.5321045e-07
   5.1710394e-07
   5.7505044e-07
   6.2903010e-07
   6.8095110e-07
   7.3261964e-07
   7.8572157e-07
   8.4181887e-07
   9.0236074e-07
   9.6870875e-07
   1.0421711e-06
   1.1240373e-06
   1.2156051e-06
   1.3181909e-06
   1.4331197e-06
   1.5616921e-06
   1.7051248e-06
   1.8644700e-06
   2.0405157e-06
   2.2336791e-06
   2.4439006e-06
   2.6705500e-06
   2.9123517e-06
   3.1673382e-06
   3.4328308e-06
   3.7054468e-06
   3.9811313e-06
   4.2552101e-06
   4.5224619e-06
   4.7772079e-06
   5.0134190e-06
   5.2248380e-06
   5.4051165e-06
   5.5479646e-06
   5.6473108e-06
   5.6974686e-06
   5.6933023e-06
   5.6303828e-06
   5.5051280e-06
   5.3149209e-06
   5.0582007e-06
   4.7345245e-06
   4.3445992e-06
   3.8902859e-06
   3.3745784e-06
   2.8015549e-06
   2.1763065e-06
   1.5048439e-06
   7.9398482e-07
   5.1225665e-08
  -7.1539817e-07
  -1.4974582e-06
  -2.2862782e-06
  -3.0730727e-06
  -3.8490742e-06
  -4.6056470e-06
  -5.3343878e-06
  -6.0272114e-06
  -6.6764275e-06
  -7.2748085e-06
  -7.8156491e-06
  -8.2928152e-06
  -8.7007845e-06
  -9.0346771e-06
  -9.2902785e-06
  -9.4640550e-06
  -9.5531666e-06
  -9.5554740e-06
  -9.4695456e-06
  -9.2946602e-06
  -9.0308073e-06
  -8.6786794e-06
  -8.2396596e-06
  -7.7158042e-06
  -7.1098199e-06
  -6.4250354e-06
  -5.6653651e-06
  -4.8352675e-06
  -3.9397017e-06
  -2.9840868e-06
  -1.9742683e-06
  -9.1649429e-07
   1.8259748e-07
   1.3159865e-06
   2.4762729e-06
   3.6556818e-06
   4.8460768e-06
   6.0389841e-06
   7.2256291e-06
   8.3969869e-06
   9.5438448e-06
   1.0656880e-05
   1.1726752e-05
   1.2744203e-05
   1.3700178e-05
   1.4585949e-05
   1.5393249e-05
   1.6114399e-05
   1.6742426e-05
   1.7271175e-05
   1.7695396e-05
   1.8010822e-05
   1.8214227e-05
   1.8303484e-05
   1.8277596e-05
   1.8136724e-05
   1.7882200e-05
   1.7516521e-05
   1.7043333e-05
   1.6467396e-05
   1.5794535e-05
   1.5031561e-05
   1.4186187e-05
   1.3266921e-05
   1.2282945e-05
   1.1243989e-05
   1.0160195e-05
   9.0419847e-06
   7.8999161e-06
   6.7445494e-06
   5.5863153e-06
   4.4353919e-06
   3.3015941e-06
   2.1942770e-06
   1.1222560e-06
   9.3741173e-08
  -8.8371284e-07
  -1.8032432e-06
  -2.6587034e-06
  -3.4446764e-06
  -4.1564790e-06
  -4.7901615e-06
  -5.3425049e-06
  -5.8110195e-06
  -6.1939464e-06
  -6.4902647e-06
  -6.6997075e-06
  -6.8227832e-06
  -6.8608031e-06
  -6.8159088e-06
  -6.6910951e-06
  -6.4902244e-06
  -6.2180229e-06
  -5.8800569e-06
  -5.4826816e-06
  -5.0329621e-06
  -4.5385676e-06
  -4.0076404e-06
  -3.4486459e-06
  -2.8702096e-06
  -2.2809503e-06
  -1.6893170e-06
  -1.1034401e-06
  -5.3100241e-07
   2.0865650e-08
   5.4566557e-07
   1.0375833e-06
   1.4915167e-06
   1.9030812e-06
   2.2685958e-06
   2.5850561e-06
   2.8500977e-06
   3.0619577e-06
   3.2194410e-06
   3.3218973e-06
   3.3692131e-06
   3.3618185e-06
   3.3007099e-06
   3.1874816e-06
   3.0243625e-06
   2.8142483e-06
   2.5607229e-06
   2.2680617e-06
   1.9412138e-06
   1.5857631e-06
   1.2078677e-06
   8.1418015e-07
   4.1175063e-07
   7.9176244e-09
  -3.8981070e-07
  -7.7387987e-07
  -1.1368136e-06
  -1.4713346e-06
  -1.7704779e-06
  -2.0276956e-06
  -2.2369502e-06
  -2.3927982e-06
  -2.4904635e-06
  -2.5258992e-06
  -2.4958357e-06
  -2.3978165e-06
  -2.2302202e-06
  -1.9922694e-06
  -1.6840268e-06
  -1.3063843e-06
  -8.6104633e-07
  -3.5051426e-07
   2.2192969e-07
   8.5223968e-07
   1.5356292e-06
   2.2665998e-06
   3.0389756e-06
   3.8459442e-06
   4.6801107e-06
   5.5335629e-06
   6.3979535e-06
   7.2645974e-06
   8.1245831e-06
   8.9688986e-06
   9.7885673e-06
   1.0574792e-05
   1.1319099e-05
   1.2013485e-05
   1.2650548e-05
   1.3223616e-05
   1.3726840e-05
   1.4155283e-05
   1.4504966e-05
   1.4772903e-05
   1.4957109e-05
   1.5056588e-05
   1.5071314e-05
   1.5002200e-05
   1.4851059e-05
   1.4620565e-05
   1.4314199e-05
   1.3936196e-05
   1.3491487e-05
   1.2985629e-05
   1.2424732e-05
   1.1815374e-05
   1.1164521e-05
   1.0479428e-05
   9.7675574e-06
   9.0364884e-06
   8.2938431e-06
   7.5472180e-06
   6.8041271e-06
   6.0719574e-06
   5.3579315e-06
   4.6690734e-06
   4.0121734e-06
   3.3937493e-06
   2.8200013e-06
   2.2967586e-06
   1.8294198e-06
   1.4228854e-06
   1.0814870e-06
   8.0891404e-07
   6.0813994e-07
   4.8135040e-07
   4.2987664e-07
   4.5413744e-07
   5.5359354e-07
   7.2671820e-07
   9.7098681e-07
   1.2828883e-06
   1.6579592e-06
   2.0908391e-06
   2.5753420e-06
   3.1045441e-06
   3.6708827e-06
   4.2662624e-06
   4.8821710e-06
   5.5098026e-06
   6.1401899e-06
   6.7643449e-06
   7.3734048e-06
   7.9587830e-06
   8.5123218e-06
   9.0264407e-06
   9.4942756e-06
   9.9098026e-06
   1.0267943e-05
   1.0564645e-05
   1.0796935e-05
   1.0962936e-05
   1.1061859e-05
   1.1093944e-05
   1.1060377e-05
   1.0963158e-05
   1.0804951e-05
   1.0588898e-05
   1.0318437e-05
   9.9971097e-06
   9.6283944e-06
   9.2155609e-06
   8.7615617e-06
   8.2689627e-06
   7.7399122e-06
   7.1761446e-06
   6.5790146e-06
   5.9495543e-06
   5.2885453e-06
   4.5965998e-06
   3.8742475e-06
   3.1220246e-06
   2.3405584e-06
   1.5306451e-06
   6.9331700e-07
  -1.7010554e-07
  -1.0579755e-06
  -1.9682955e-06
  -2.8987074e-06
  -3.8464957e-06
  -4.8086021e-06
  -5.7816517e-06
  -6.7619913e-06
  -7.7457410e-06
  -8.7288525e-06
  -9.7071745e-06
  -1.0676520e-05
  -1.1632733e-05
  -1.2571756e-05
  -1.3489685e-05
  -1.4382823e-05
  -1.5247720e-05
  -1.6081202e-05
  -1.6880394e-05
  -1.7642722e-05
  -1.8365919e-05
  -1.9048004e-05
  -1.9687273e-05
  -2.0282272e-05
  -2.0831765e-05
  -2.1334703e-05
  -2.1790178e-05
  -2.2197370e-05
  -2.2555502e-05
  -2.2863772e-05
  -2.3121307e-05
  -2.3327103e-05
  -2.3479988e-05
  -2.3578587e-05
  -2.3621304e-05
  -2.3606316e-05
  -2.3531593e-05
  -2.3394928e-05
  -2.3193996e-05
  -2.2926424e-05
  -2.2589887e-05
  -2.2182213e-05
  -2.1701505e-05
  -2.1146261e-05
  -2.0515494e-05
  -1.9808848e-05
  -1.9026685e-05
  -1.8170157e-05
  -1.7241244e-05
  -1.6242768e-05
  -1.5178370e-05
  -1.4052462e-05
  -1.2870157e-05
  -1.1637175e-05
  -1.0359739e-05
  -9.0444610e-06
  -7.6982286e-06
  -6.3280913e-06
  -4.9411589e-06
  -3.5445118e-06
  -2.1451287e-06
  -7.4983446e-07
   6.3473331e-07
   2.0021365e-06
   3.3461329e-06
   4.6606626e-06
   5.9398298e-06
   7.1778881e-06
   8.3692341e-06
   9.5084095e-06
   1.0590112e-05
   1.1609216e-05
   1.2560792e-05
   1.3440138e-05
   1.4242799e-05
   1.4964600e-05
   1.5601662e-05
   1.6150433e-05
   1.6607708e-05
   1.6970667e-05
   1.7236907e-05
   1.7404492e-05
   1.7472015e-05
   1.7438655e-05
   1.7304254e-05
   1.7069390e-05
   1.6735453e-05
   1.6304719e-05
   1.5780416e-05
   1.5166773e-05
   1.4469061e-05
   1.3693606e-05
   1.2847784e-05
   1.1939986e-05
   1.0979562e-05
   9.9767318e-06
   8.9424737e-06
   7.8883818e-06
   6.8265040e-06
   5.7691602e-06
   4.7287492e-06
   3.7175493e-06
   2.7475159e-06
   1.8300816e-06
   9.7596222e-07
   1.9497368e-07
  -5.0413335e-07
  -1.1138140e-06
  -1.6278384e-06
  -2.0413655e-06
  -2.3509822e-06
  -2.5547075e-06
  -2.6519655e-06
  -2.6435327e-06
  -2.5314619e-06
  -2.3189869e-06
  -2.0104116e-06
  -1.6109856e-06
  -1.1267713e-06
  -5.6451131e-07
   6.8498341e-08
   7.6451894e-07
   1.5154569e-06
   2.3129247e-06
   3.1482740e-06
   4.0126051e-06
   4.8967609e-06
   5.7913145e-06
   6.6865625e-06
   7.5725348e-06
   8.4390317e-06
   9.2756953e-06
   1.0072116e-05
   1.0817966e-05
   1.1503153e-05
   1.2117979e-05
   1.2653293e-05
   1.3100649e-05
   1.3452434e-05
   1.3701999e-05
   1.3843754e-05
   1.3873265e-05
   1.3787317e-05
   1.3583983e-05
   1.3262663e-05
   1.2824112e-05
   1.2270456e-05
   1.1605176e-05
   1.0833076e-05
   9.9602240e-06
   8.9938705e-06
   7.9423396e-06
   6.8149001e-06
   5.6216154e-06
   4.3731817e-06
   3.0807569e-06
   1.7557852e-06
   4.0982294e-07
  -9.4563146e-07
  -2.2992989e-06
  -3.6402685e-06
  -4.9581286e-06
  -6.2430772e-06
  -7.4860124e-06
  -8.6786073e-06
  -9.8133715e-06
  -1.0883705e-05
  -1.1883947e-05
  -1.2809411e-05
  -1.3656415e-05
  -1.4422295e-05
  -1.5105400e-05
  -1.5705069e-05
  -1.6221585e-05
  -1.6656102e-05
  -1.7010568e-05
  -1.7287612e-05
  -1.7490442e-05
  -1.7622728e-05
  -1.7688487e-05
  -1.7691986e-05
  -1.7637658e-05
  -1.7530038e-05
  -1.7373712e-05
  -1.7173282e-05
  -1.6933334e-05
  -1.6658406e-05
  -1.6352951e-05
  -1.6021303e-05
  -1.5667635e-05
  -1.5295922e-05
  -1.4909906e-05
  -1.4513056e-05
  -1.4108537e-05
  -1.3699179e-05
  -1.3287458e-05
  -1.2875476e-05
  -1.2464962e-05
  -1.2057262e-05
  -1.1653354e-05
  -1.1253858e-05
  -1.0859065e-05
  -1.0468966e-05
  -1.0083306e-05
  -9.7016407e-06
  -9.3234085e-06
  -8.9480012e-06
  -8.5748390e-06
  -8.2034372e-06
  -7.8334629e-06
  -7.4647773e-06
  -7.0974585e-06
  -6.7318040e-06
  -6.3683137e-06
  -6.0076549e-06
  -5.6506146e-06
  -5.2980454e-06
  -4.9508112e-06
  -4.6097395e-06
  -4.2755856e-06
  -3.9490121e-06
  -3.6305828e-06
  -3.3207719e-06
  -3.0199819e-06
  -2.7285693e-06
  -2.4468744e-06
  -2.1752519e-06
  -1.9141003e-06
  -1.6638902e-06
  -1.4251901e-06
  -1.1986871e-06
  -9.8520142e-07
  -7.8569176e-07
  -6.0125286e-07
  -4.3310466e-07
  -2.8257134e-07
  -1.5105076e-07
  -3.9974540e-08
   4.9241430e-08
   1.1525439e-07
   1.5685835e-07
   1.7305197e-07
   1.6310706e-07
   1.2663458e-07
   6.3644073e-08
  -2.5408672e-08
  -1.3958892e-07
  -2.7747043e-07
  -4.3714747e-07
  -6.1627326e-07
  -8.1212617e-07
  -1.0217024e-06
  -1.2418308e-06
  -1.4693019e-06
  -1.7009992e-06
  -1.9340230e-06
  -2.1657977e-06
  -2.3941520e-06
  -2.6173650e-06
  -2.8341794e-06
  -3.0437795e-06
  -3.2457415e-06
  -3.4399590e-06
  -3.6265531e-06
  -3.8057743e-06
  -3.9779065e-06
  -4.1431797e-06
  -4.3016992e-06
  -4.4533953e-06
  -4.5979951e-06
  -4.7350211e-06
  -4.8638118e-06
  -4.9835645e-06
  -5.0933921e-06
  -5.1923891e-06
  -5.2796986e-06
  -5.3545748e-06
  -5.4164360e-06
  -5.4649062e-06
  -5.4998418e-06
  -5.5213471e-06
  -5.5297789e-06
  -5.5257400e-06
  -5.5100653e-06
  -5.4837992e-06
  -5.4481641e-06
  -5.4045199e-06
  -5.3543120e-06
  -5.2990107e-06
  -5.2400472e-06
  -5.1787530e-06
  -5.1163063e-06
  -5.0536948e-06
  -4.9916969e-06
  -4.9308843e-06
  -4.8716460e-06
  -4.8142308e-06
  -4.7588028e-06
  -4.7055067e-06
  -4.6545384e-06
  -4.6062151e-06
  -4.5610410e-06
  -4.5197645e-06
  -4.4834214e-06
  -4.4533649e-06
  -4.4312795e-06
  -4.4191757e-06
  -4.4193619e-06
  -4.4343907e-06
  -4.4669806e-06
  -4.5199166e-06
  -4.5959352e-06
  -4.6976021e-06
  -4.8271927e-06
  -4.9865841e-06
  -5.1771667e-06
  -5.3997800e-06
  -5.6546782e-06
  -5.9415208e-06
  -6.2593879e-06
  -6.6068094e-06
  -6.9818055e-06
  -7.3819284e-06
  -7.8042994e-06
  -8.2456384e-06
  -8.7022824e-06
  -9.1701931e-06
  -9.6449538e-06
  -1.0121756e-05
  -1.0595380e-05
  -1.1060178e-05
  -1.1510064e-05
  -1.1938510e-05
  -1.2338570e-05
  -1.2702922e-05
  -1.3023931e-05
  -1.3293746e-05
  -1.3504410e-05
  -1.3647995e-05
  -1.3716753e-05
  -1.3703278e-05
  -1.3600672e-05
  -1.3402717e-05
  -1.3104034e-05
  -1.2700241e-05
  -1.2188101e-05
  -1.1565643e-05
  -1.0832278e-05
  -9.9888837e-06
  -9.0378580e-06
  -7.9831495e-06
  -6.8302477e-06
  -5.5861387e-06
  -4.2592222e-06
  -2.8591892e-06
  -1.3968655e-06
   1.1597273e-07
   1.6668084e-06
   3.2426083e-06
   4.8300570e-06
   6.4157878e-06
   7.9866032e-06
   9.5296777e-06
   1.1032739e-05
   1.2484222e-05
   1.3873405e-05
   1.5190508e-05
   1.6426784e-05
   1.7574582e-05
   1.8627395e-05
   1.9579896e-05
   2.0427949e-05
   2.1168617e-05
   2.1800156e-05
   2.2321991e-05
   2.2734694e-05
   2.3039933e-05
   2.3240412e-05
   2.3339801e-05
   2.3342638e-05
   2.3254221e-05
   2.3080481e-05
   2.2827844e-05
   2.2503085e-05
   2.2113181e-05
   2.1665168e-05
   2.1166003e-05
   2.0622444e-05
   2.0040932e-05
   1.9427511e-05
   1.8787750e-05
   1.8126704e-05
   1.7448891e-05
   1.6758292e-05
   1.6058377e-05
   1.5352149e-05
   1.4642198e-05
   1.3930774e-05
   1.3219855e-05
   1.2511214e-05
   1.1806479e-05
   1.1107182e-05
   1.0414786e-05
   9.7307144e-06
   9.0563585e-06
   8.3930804e-06
   7.7422165e-06
   7.1050800e-06
   6.4829679e-06
   5.8771758e-06
   5.2890192e-06
   4.7198636e-06
   4.1711590e-06
   3.6444806e-06
   3.1415697e-06
   2.6643710e-06
   2.2150575e-06
   1.7960422e-06
   1.4099708e-06
   1.0596957e-06
   7.4822825e-07
   4.7867075e-07
   2.5413023e-07
   7.7621134e-08
  -4.8036379e-08
  -1.2031657e-07
  -1.3708070e-07
  -9.6659028e-08
   2.0797574e-09
   1.5967108e-07
   3.7600711e-07
   6.5030050e-07
   9.8106078e-07
   1.3660840e-06
   1.8024569e-06
   2.2865766e-06
   2.8141837e-06
   3.3804109e-06
   3.9798425e-06
   4.6065863e-06
   5.2543557e-06
   5.9165609e-06
   6.5864120e-06
   7.2570322e-06
   7.9215828e-06
   8.5733958e-06
   9.2061130e-06
   9.8138249e-06
   1.0391207e-05
   1.0933643e-05
   1.1437339e-05
   1.1899405e-05
   1.2317910e-05
   1.2691895e-05
   1.3021350e-05
   1.3307141e-05
   1.3550922e-05
   1.3755004e-05
   1.3922208e-05
   1.4055698e-05
   1.4158811e-05
   1.4234892e-05
   1.4287139e-05
   1.4318481e-05
   1.4331472e-05
   1.4328221e-05
   1.4310349e-05
   1.4278968e-05
   1.4234675e-05
   1.4177562e-05
   1.4107233e-05
   1.4022824e-05
   1.3923036e-05
   1.3806165e-05
   1.3670151e-05
   1.3512629e-05
   1.3330993e-05
   1.3122468e-05
   1.2884177e-05
   1.2613214e-05
   1.2306708e-05
   1.1961876e-05
   1.1576074e-05
   1.1146841e-05
   1.0671931e-05
   1.0149352e-05
   9.5773986e-06
   8.9546693e-06
   8.2800856e-06
   7.5528911e-06
   6.7726403e-06
   5.9391756e-06
   5.0525973e-06
   4.1132327e-06
   3.1216099e-06
   2.0784407e-06
   9.8461574e-07
  -1.5878629e-07
  -1.3504754e-06
  -2.5889145e-06
  -3.8722711e-06
  -5.1983595e-06
  -6.5645724e-06
  -7.9678050e-06
  -9.4043723e-06
  -1.0869924e-05
  -1.2359362e-05
  -1.3866763e-05
  -1.5385327e-05
  -1.6907334e-05
  -1.8424143e-05
  -1.9926219e-05
  -2.1403194e-05
  -2.2843982e-05
  -2.4236916e-05
  -2.5569942e-05
  -2.6830825e-05
  -2.8007392e-05
  -2.9087779e-05
  -3.0060689e-05
  -3.0915634e-05
  -3.1643167e-05
  -3.2235093e-05
  -3.2684648e-05
  -3.2986645e-05
  -3.3137587e-05
  -3.3135753e-05
  -3.2981231e-05
  -3.2675923e-05
  -3.2223495e-05
  -3.1629288e-05
  -3.0900195e-05
  -3.0044491e-05
  -2.9071643e-05
  -2.7992099e-05
  -2.6817057e-05
  -2.5558229e-05
  -2.4227601e-05
  -2.2837202e-05
  -2.1398881e-05
  -1.9924112e-05
  -1.8423826e-05
  -1.6908284e-05
  -1.5386983e-05
  -1.3868602e-05
  -1.2360987e-05
  -1.0871163e-05
  -9.4053774e-06
  -7.9691658e-06
  -6.5674438e-06
  -5.2046169e-06
  -3.8847057e-06
  -2.6114797e-06
  -1.3885885e-06
  -2.1968048e-07
   8.9150050e-07
   1.9410507e-06
   2.9248816e-06
   3.8387381e-06
   4.6782586e-06
   5.4390751e-06
   6.1169455e-06
   6.7079084e-06
   7.2084524e-06
   7.6156927e-06
   7.9275465e-06
   8.1428987e-06
   8.2617498e-06
   8.2853346e-06
   8.2162064e-06
   8.0582807e-06
   7.8168100e-06
   7.4983419e-06
   7.1106087e-06
   6.6623815e-06
   6.1632939e-06
   5.6236437e-06
   5.0541826e-06
   4.4659004e-06
   3.8698092e-06
   3.2767276e-06
   2.6970703e-06
   2.1406434e-06
   1.6164498e-06
   1.1325110e-06
   6.9571423e-07
   3.1169248e-07
  -1.5255236e-08
  -2.8220038e-07
  -4.8757626e-07
  -6.3112858e-07
  -7.1383029e-07
  -7.3776689e-07
  -7.0600005e-07
  -6.2241476e-07
  -4.9155403e-07
  -3.1844490e-07
  -1.0841891e-07
   1.3306897e-07
   4.0061806e-07
   6.8904937e-07
   9.9355470e-07
   1.3098195e-06
   1.6341122e-06
   1.9633351e-06
   2.2950333e-06
   2.6273642e-06
   2.9590274e-06
   3.2891600e-06
   3.6172047e-06
   3.9427601e-06
   4.2654235e-06
   4.5846426e-06
   4.8995861e-06
   5.2090483e-06
   5.5113931e-06
   5.8045412e-06
   6.0859988e-06
   6.3529237e-06
   6.6022215e-06
   6.8306597e-06
   7.0349911e-06
   7.2120763e-06
   7.3589949e-06
   7.4731388e-06
   7.5522788e-06
   7.5946067e-06
   7.5987506e-06
   7.5637681e-06
   7.4891209e-06
   7.3746367e-06
   7.2204676e-06
   7.0270487e-06
   6.7950671e-06
   6.5254459e-06
   6.2193478e-06
   5.8782003e-06
   5.5037407e-06
   5.0980778e-06
   4.6637631e-06
   4.2038625e-06
   3.7220213e-06
   3.2225133e-06
   2.7102671e-06
   2.1908600e-06
   1.6704775e-06
   1.1558358e-06
   6.5406936e-07
   1.7259159e-07
  -2.8106545e-07
  -6.9942298e-07
  -1.0752325e-06
  -1.4016524e-06
  -1.6724170e-06
  -1.8819928e-06
  -2.0257175e-06
  -2.0999205e-06
  -2.1020205e-06
  -2.0305997e-06
  -1.8854480e-06
  -1.6675739e-06
  -1.3791733e-06
  -1.0235573e-06
  -6.0503917e-07
  -1.2878938e-07
   3.9933125e-07
   9.7294378e-07
   1.5853170e-06
   2.2295149e-06
   2.8985178e-06
   3.5853139e-06
   4.2829611e-06
   4.9846232e-06
   5.6835896e-06
   6.3732872e-06
   7.0472941e-06
   7.6993645e-06
   8.3234673e-06
   8.9138383e-06
   9.4650429e-06
   9.9720444e-06
   1.0430271e-05
   1.0835677e-05
   1.1184798e-05
   1.1474788e-05
   1.1703448e-05
   1.1869241e-05
   1.1971292e-05
   1.2009374e-05
   1.1983879e-05
   1.1895779e-05
   1.1746568e-05
   1.1538190e-05
   1.1272964e-05
   1.0953498e-05
   1.0582605e-05
   1.0163225e-05
   9.6983526e-06
   9.1909850e-06
   8.6440742e-06
   8.0605034e-06
   7.4430747e-06
   6.7945113e-06
   6.1174695e-06
   5.4145574e-06
   4.6883550e-06
   3.9414302e-06
   3.1763475e-06
   2.3956664e-06
   1.6019303e-06
   7.9764481e-07
  -1.4748801e-08
  -8.3290392e-07
  -1.6545972e-06
  -2.4777519e-06
  -3.3004582e-06
  -4.1209876e-06
  -4.9378048e-06
  -5.7495755e-06
  -6.5551704e-06
  -7.3536602e-06
  -8.1442937e-06
  -8.9264594e-06
  -9.6996297e-06
  -1.0463292e-05
  -1.1216874e-05
  -1.1959659e-05
  -1.2690702e-05
  -1.3408754e-05
  -1.4112190e-05
  -1.4798961e-05
  -1.5466574e-05
  -1.6112094e-05
  -1.6732176e-05
  -1.7323126e-05
  -1.7880980e-05
  -1.8401596e-05
  -1.8880765e-05
  -1.9314316e-05
  -1.9698223e-05
  -2.0028696e-05
  -2.0302257e-05
  -2.0515796e-05
  -2.0666604e-05
  -2.0752393e-05
  -2.0771289e-05
  -2.0721821e-05
  -2.0602901e-05
  -2.0413804e-05
  -2.0154143e-05
  -1.9823847e-05
  -1.9423146e-05
  -1.8952549e-05
  -1.8412814e-05
  -1.7804935e-05
  -1.7130108e-05
  -1.6389715e-05
  -1.5585300e-05
  -1.4718565e-05
  -1.3791359e-05
  -1.2805686e-05
  -1.1763717e-05
  -1.0667809e-05
  -9.5205394e-06
  -8.3247381e-06
  -7.0835269e-06
  -5.8003596e-06
  -4.4790603e-06
  -3.1238562e-06
  -1.7394045e-06
  -3.3081188e-07
   1.0963525e-06
   2.5360536e-06
   3.9818002e-06
   5.4266749e-06
   6.8633885e-06
   8.2843611e-06
   9.6818288e-06
   1.1047974e-05
   1.2375071e-05
   1.3655639e-05
   1.4882583e-05
   1.6049328e-05
   1.7149908e-05
   1.8179039e-05
   1.9132139e-05
   2.0005328e-05
   2.0795405e-05
   2.1499806e-05
   2.2116568e-05
   2.2644296e-05
   2.3082136e-05
   2.3429772e-05
   2.3687423e-05
   2.3855858e-05
   2.3936412e-05
   2.3930995e-05
   2.3842095e-05
   2.3672754e-05
   2.3426533e-05
   2.3107455e-05
   2.2719930e-05
   2.2268669e-05
   2.1758590e-05
   2.1194705e-05
   2.0582008e-05
   1.9925360e-05
   1.9229378e-05
   1.8498342e-05
   1.7736131e-05
   1.6946178e-05
   1.6131469e-05
   1.5294576e-05
   1.4437713e-05
   1.3562825e-05
   1.2671677e-05
   1.1765957e-05
   1.0847357e-05
   9.9176390e-06
   8.9786747e-06
   8.0324608e-06
   7.0811024e-06
   6.1267776e-06
   5.1716875e-06
   4.2179983e-06
   3.2677854e-06
   2.3229842e-06
   1.3853532e-06
   4.5645178e-07
  -4.6236757e-07
  -1.3699512e-06
  -2.2653215e-06
  -3.1476425e-06
  -4.0161792e-06
  -4.8702555e-06
  -5.7092168e-06
  -6.5324011e-06
  -7.3391191e-06
  -8.1286421e-06
  -8.9001935e-06
  -9.6529398e-06
  -1.0385981e-05
  -1.1098337e-05
  -1.1788930e-05
  -1.2456571e-05
  -1.3099948e-05
  -1.3717618e-05
  -1.4308016e-05
  -1.4869462e-05
  -1.5400192e-05
  -1.5898386e-05
  -1.6362204e-05
  -1.6789829e-05
  -1.7179492e-05
  -1.7529513e-05
  -1.7838319e-05
  -1.8104471e-05
  -1.8326686e-05
  -1.8503856e-05
  -1.8635075e-05
  -1.8719656e-05
  -1.8757160e-05
  -1.8747414e-05
  -1.8690533e-05
  -1.8586934e-05
  -1.8437352e-05
  -1.8242856e-05
  -1.8004847e-05
  -1.7725060e-05
  -1.7405547e-05
  -1.7048643e-05
  -1.6656926e-05
  -1.6233157e-05
  -1.5780211e-05
  -1.5300998e-05
  -1.4798383e-05
  -1.4275106e-05
  -1.3733712e-05
  -1.3176480e-05
  -1.2605376e-05
  -1.2022007e-05
  -1.1427599e-05
  -1.0822989e-05
  -1.0208624e-05
  -9.5845792e-06
  -8.9505856e-06
  -8.3060714e-06
  -7.6502205e-06
  -6.9820487e-06
  -6.3004968e-06
  -5.6045388e-06
  -4.8933004e-06
  -4.1661794e-06
  -3.4229606e-06
  -2.6639173e-06
  -1.8898928e-06
  -1.1023579e-06
  -3.0343894e-07
   5.0408147e-07
   1.3167917e-06
   2.1307042e-06
   2.9413312e-06
   3.7437774e-06
   4.5328455e-06
   5.3031495e-06
   6.0492309e-06
   6.7656727e-06
   7.4472074e-06
   8.0888144e-06
   8.6858022e-06
   9.2338743e-06
   9.7291769e-06
   1.0168329e-05
   1.0548440e-05
   1.0867112e-05
   1.1122431e-05
   1.1312957e-05
   1.1437697e-05
   1.1496082e-05
   1.1487947e-05
   1.1413502e-05
   1.1273316e-05
   1.1068307e-05
   1.0799737e-05
   1.0469217e-05
   1.0078725e-05
   9.6306110e-06
   9.1276206e-06
   8.5728963e-06
   7.9699771e-06
   7.3227782e-06
   6.6355511e-06
   5.9128255e-06
   5.1593380e-06
   4.3799545e-06
   3.5795949e-06
   2.7631717e-06
   1.9355471e-06
   1.1015155e-06
   2.6581587e-07
  -5.6682733e-07
  -1.3916397e-06
  -2.2037148e-06
  -2.9979254e-06
  -3.7688409e-06
  -4.5106640e-06
  -5.2171943e-06
  -5.8818322e-06
  -6.4976266e-06
  -7.0573732e-06
  -7.5537593e-06
  -7.9795507e-06
  -8.3278095e-06
  -8.5921252e-06
  -8.7668443e-06
  -8.8472819e-06
  -8.8299006e-06
  -8.7124466e-06
  -8.4940386e-06
  -8.1752064e-06
  -7.7578840e-06
  -7.2453641e-06
  -6.6422192e-06
  -5.9541999e-06
  -5.1881163e-06
  -4.3517033e-06
  -3.4534769e-06
  -2.5025851e-06
  -1.5086558e-06
  -4.8164521e-07
   5.6831321e-07
   1.6310596e-06
   2.6965587e-06
   3.7550516e-06
   4.7972061e-06
   5.8142646e-06
   6.7981844e-06
   7.7417691e-06
   8.6387844e-06
   9.4840535e-06
   1.0273528e-05
   1.1004331e-05
   1.1674771e-05
   1.2284323e-05
   1.2833578e-05
   1.3324162e-05
   1.3758621e-05
   1.4140278e-05
   1.4473063e-05
   1.4761324e-05
   1.5009622e-05
   1.5222523e-05
   1.5404400e-05
   1.5559240e-05
   1.5690483e-05
   1.5800893e-05
   1.5892461e-05
   1.5966357e-05
   1.6022928e-05
   1.6061741e-05
   1.6081670e-05
   1.6081015e-05
   1.6057655e-05
   1.6009206e-05
   1.5933185e-05
   1.5827174e-05
   1.5688966e-05
   1.5516684e-05
   1.5308891e-05
   1.5064661e-05
   1.4783622e-05
   1.4465983e-05
   1.4112527e-05
   1.3724593e-05
   1.3304035e-05
   1.2853181e-05
   1.2374770e-05
   1.1871901e-05
   1.1347957e-05
   1.0806542e-05
   1.0251405e-05
   9.6863649e-06
   9.1152427e-06
   8.5417921e-06
   7.9696450e-06
   7.4022643e-06
   6.8429071e-06
   6.2945950e-06
   5.7600885e-06
   5.2418595e-06
   4.7420611e-06
   4.2624956e-06
   3.8045817e-06
   3.3693248e-06
   2.9572919e-06
   2.5685925e-06
   2.2028668e-06
   1.8592812e-06
   1.5365320e-06
   1.2328576e-06
   9.4606062e-07
   6.7354179e-07
   4.1234898e-07
   1.5924332e-07
  -8.9217481e-08
  -3.3657980e-07
  -5.8638183e-07
  -8.4203371e-07
  -1.1066975e-06
  -1.3831715e-06
  -1.6737842e-06
  -1.9803023e-06
  -2.3038562e-06
  -2.6448859e-06
  -3.0031055e-06
  -3.3774875e-06
  -3.7662649e-06
  -4.1669491e-06
  -4.5763607e-06
  -4.9906702e-06
  -5.4054470e-06
  -5.8157142e-06
  -6.2160102e-06
  -6.6004570e-06
  -6.9628385e-06
  -7.2966867e-06
  -7.5953797e-06
  -7.8522504e-06
  -8.0607058e-06
  -8.2143583e-06
  -8.3071641e-06
  -8.3335690e-06
  -8.2886570e-06
  -8.1682983e-06
  -7.9692964e-06
  -7.6895283e-06
  -7.3280737e-06
  -6.8853295e-06
  -6.3631017e-06
  -5.7646668e-06
  -5.0947949e-06
  -4.3597297e-06
  -3.5671179e-06
  -2.7258849e-06
  -1.8460572e-06
  -9.3853899e-07
  -1.4852503e-08
   9.1314635e-07
   1.8335628e-06
   2.7347538e-06
   3.6056003e-06
   4.4357453e-06
   5.2157925e-06
   5.9374594e-06
   6.5936850e-06
   7.1786941e-06
   7.6880210e-06
   8.1184991e-06
   8.4682232e-06
   8.7364898e-06
   8.9237217e-06
   9.0313831e-06
   9.0618914e-06
   9.0185284e-06
   8.9053553e-06
   8.7271318e-06
   8.4892390e-06
   8.1976056e-06
   7.8586358e-06
   7.4791365e-06
   7.0662437e-06
   6.6273441e-06
   6.1699946e-06
   5.7018353e-06
   5.2305002e-06
   4.7635254e-06
   4.3082551e-06
   3.8717493e-06
   3.4606916e-06
   3.0813003e-06
   2.7392411e-06
   2.4395416e-06
   2.1865076e-06
   1.9836419e-06
   1.8335674e-06
   1.7379615e-06
   1.6975066e-06
   1.7118627e-06
   1.7796645e-06
   1.8985469e-06
   2.0651991e-06
   2.2754461e-06
   2.5243513e-06
   2.8063378e-06
   3.1153195e-06
   3.4448340e-06
   3.7881735e-06
   4.1385089e-06
   4.4890033e-06
   4.8329128e-06
   5.1636706e-06
   5.4749584e-06
   5.7607683e-06
   6.0154560e-06
   6.2337878e-06
   6.4109857e-06
   6.5427729e-06
   6.6254192e-06
   6.6557890e-06
   6.6313882e-06
   6.5504090e-06
   6.4117692e-06
   6.2151414e-06
   5.9609658e-06
   5.6504441e-06
   5.2855104e-06
   4.8687760e-06
   4.4034535e-06
   3.8932605e-06
   3.3423112e-06
   2.7549999e-06
   2.1358827e-06
   1.4895621e-06
   8.2057572e-07
   1.3329472e-07
  -5.6816412e-07
  -1.2800096e-06
  -1.9988267e-06
  -2.7216043e-06
  -3.4457409e-06
  -4.1690297e-06
  -4.8896257e-06
  -5.6060010e-06
  -6.3168911e-06
  -7.0212391e-06
  -7.7181388e-06
  -8.4067835e-06
  -9.0864199e-06
  -9.7563114e-06
  -1.0415713e-05
  -1.1063859e-05
  -1.1699956e-05
  -1.2323201e-05
  -1.2932792e-05
  -1.3527950e-05
  -1.4107942e-05
  -1.4672096e-05
  -1.5219818e-05
  -1.5750589e-05
  -1.6263964e-05
  -1.6759558e-05
  -1.7237014e-05
  -1.7695967e-05
  -1.8135998e-05
  -1.8556579e-05
  -1.8957020e-05
  -1.9336415e-05
  -1.9693593e-05
  -2.0027074e-05
  -2.0335042e-05
  -2.0615330e-05
  -2.0865429e-05
  -2.1082513e-05
  -2.1263489e-05
  -2.1405057e-05
  -2.1503797e-05
  -2.1556259e-05
  -2.1559067e-05
  -2.1509026e-05
  -2.1403232e-05
  -2.1239175e-05
  -2.1014840e-05
  -2.0728789e-05
  -2.0380239e-05
  -1.9969108e-05
  -1.9496053e-05
  -1.8962479e-05
  -1.8370528e-05
  -1.7723056e-05
  -1.7023580e-05
  -1.6276228e-05
  -1.5485654e-05
  -1.4656961e-05
  -1.3795606e-05
  -1.2907300e-05
  -1.1997900e-05
  -1.1073304e-05
  -1.0139342e-05
  -9.2016753e-06
  -8.2657075e-06
  -7.3365091e-06
  -6.4187649e-06
  -5.5167404e-06
  -4.6342693e-06
  -3.7747583e-06
  -2.9412059e-06
  -2.1362342e-06
  -1.3621271e-06
  -6.2087542e-07
   8.5774158e-08
   7.5626846e-07
   1.3891976e-06
   1.9832460e-06
   2.5371457e-06
   3.0496348e-06
   3.5194250e-06
   3.9451797e-06
   4.3255087e-06
   4.6589804e-06
   4.9441538e-06
   5.1796315e-06
   5.3641286e-06
   5.4965532e-06
   5.5760900e-06
   5.6022778e-06
   5.5750765e-06
   5.4949139e-06
   5.3627149e-06
   5.1799144e-06
   4.9484578e-06
   4.6707935e-06
   4.3498618e-06
   3.9890832e-06
   3.5923431e-06
   3.1639749e-06
   2.7087369e-06
   2.2317810e-06
   1.7386089e-06
   1.2350145e-06
   7.2701116e-07
   2.2074480e-07
  -2.7760623e-07
  -7.6194220e-07
  -1.2263589e-06
  -1.6652636e-06
  -2.0734850e-06
  -2.4463721e-06
  -2.7798770e-06
  -3.0706176e-06
  -3.3159199e-06
  -3.5138382e-06
  -3.6631531e-06
  -3.7633505e-06
  -3.8145830e-06
  -3.8176197e-06
  -3.7737873e-06
  -3.6849050e-06
  -3.5532163e-06
  -3.3813195e-06
  -3.1720978e-06
  -2.9286525e-06
  -2.6542406e-06
  -2.3522228e-06
  -2.0260233e-06
  -1.6791059e-06
  -1.3149635e-06
  -9.3711931e-07
  -5.4913176e-07
  -1.5459769e-07
   2.4285248e-07
   6.3957261e-07
   1.0319355e-06
   1.4163837e-06
   1.7894925e-06
   2.1480419e-06
   2.4890930e-06
   2.8100631e-06
   3.1087911e-06
   3.3835917e-06
   3.6332918e-06
   3.8572460e-06
   4.0553298e-06
   4.2279092e-06
   4.3757910e-06
   4.5001595e-06
   4.6025062e-06
   4.6845580e-06
   4.7482099e-06
   4.7954630e-06
   4.8283710e-06
   4.8489916e-06
   4.8593461e-06
   4.8613817e-06
   4.8569384e-06
   4.8477177e-06
   4.8352522e-06
   4.8208765e-06
   4.8057007e-06
   4.7905865e-06
   4.7761243e-06
   4.7626127e-06
   4.7500394e-06
   4.7380642e-06
   4.7260045e-06
   4.7128220e-06
   4.6971173e-06
   4.6771310e-06
   4.6507574e-06
   4.6155684e-06
   4.5688514e-06
   4.5076607e-06
   4.4288830e-06
   4.3293157e-06
   4.2057584e-06
   4.0551158e-06
   3.8745094e-06
   3.6613934e-06
   3.4136710e-06
   3.1298069e-06
   2.8089322e-06
   2.4509402e-06
   2.0565680e-06
   1.6274644e-06
   1.1662352e-06
   6.7646673e-07
   1.6272330e-07
  -3.6948216e-07
  -9.1374600e-07
  -1.4628618e-06
  -2.0089403e-06
  -2.5435614e-06
  -3.0579548e-06
  -3.5432052e-06
  -3.9904764e-06
  -4.3912458e-06
  -4.7375405e-06
  -5.0221595e-06
  -5.2388723e-06
  -5.3825833e-06
  -5.4494539e-06
  -5.4369787e-06
  -5.3440167e-06
  -5.1707812e-06
  -4.9187924e-06
  -4.5908000e-06
  -4.1906789e-06
  -3.7233085e-06
  -3.1944421e-06
  -2.6105735e-06
  -1.9788068e-06
  -1.3067322e-06
  -6.0230846e-07
   1.2624576e-07
   8.7055391e-07
   1.6221761e-06
   2.3726952e-06
   3.1137929e-06
   3.8373148e-06
   4.5353232e-06
   5.2001359e-06
   5.8243528e-06
   6.4008735e-06
   6.9229125e-06
   7.3840161e-06
   7.7780911e-06
   8.0994487e-06
   8.3428709e-06
   8.5036997e-06
   8.5779445e-06
   8.5624017e-06
   8.4547773e-06
   8.2538039e-06
   7.9593418e-06
   7.5724577e-06
   7.0954780e-06
   6.5320112e-06
   5.8869382e-06
   5.1663712e-06
   4.3775813e-06
   3.5288995e-06
   2.6295963e-06
   1.6897436e-06
   7.2006631e-07
  -2.6821611e-07
  -1.2635528e-06
  -2.2542299e-06
  -3.2285412e-06
  -4.1749561e-06
  -5.0822807e-06
  -5.9398108e-06
  -6.7374750e-06
  -7.4659664e-06
  -8.1168633e-06
  -8.6827375e-06
  -9.1572504e-06
  -9.5352317e-06
  -9.8127390e-06
  -9.9870951e-06
  -1.0056906e-05
  -1.0022062e-05
  -9.8837229e-06
  -9.6443036e-06
  -9.3074496e-06
  -8.8780078e-06
  -8.3619871e-06
  -7.7665083e-06
  -7.0997403e-06
  -6.3708242e-06
  -5.5897864e-06
  -4.7674404e-06
  -3.9152774e-06
  -3.0453427e-06
  -2.1700931e-06
  -1.3022316e-06
  -4.5451326e-07
   3.6047483e-07
   1.1305580e-06
   1.8442362e-06
   2.4909503e-06
   3.0613367e-06
   3.5474533e-06
   3.9429619e-06
   4.2432540e-06
   4.4455141e-06
   4.5487153e-06
   4.5535520e-06
   4.4623179e-06
   4.2787397e-06
   4.0077810e-06
   3.6554315e-06
   3.2284917e-06
   2.7343690e-06
   2.1808894e-06
   1.5761346e-06
   9.2830632e-07
   2.4561746e-07
  -4.6379092e-07
  -1.1919110e-06
  -1.9309157e-06
  -2.6731964e-06
  -3.4113932e-06
  -4.1384214e-06
  -4.8474955e-06
  -5.5321533e-06
  -6.1862752e-06
  -6.8041003e-06
  -7.3802373e-06
  -7.9096724e-06
  -8.3877725e-06
  -8.8102909e-06
  -9.1733742e-06
  -9.4735783e-06
  -9.7078957e-06
  -9.8737947e-06
  -9.9692691e-06
  -9.9928948e-06
  -9.9438874e-06
  -9.8221547e-06
  -9.6283390e-06
  -9.3638480e-06
  -9.0308709e-06
  -8.6323828e-06
  -8.1721357e-06
  -7.6546386e-06
  -7.0851254e-06
  -6.4695087e-06
  -5.8143213e-06
  -5.1266388e-06
  -4.4139855e-06
  -3.6842211e-06
  -2.9454123e-06
  -2.2056879e-06
  -1.4730819e-06
  -7.5536852e-07
  -5.9897457e-08
   6.0656450e-07
   1.2379780e-06
   1.8291557e-06
   2.3758617e-06
   2.8748789e-06
   3.3240434e-06
   3.7222435e-06
   4.0693839e-06
   4.3663190e-06
   4.6147589e-06
   4.8171520e-06
   4.9765512e-06
   5.0964684e-06
   5.1807227e-06
   5.2332870e-06
   5.2581375e-06
   5.2591132e-06
   5.2397882e-06
   5.2033636e-06
   5.1525835e-06
   5.0896767e-06
   5.0163293e-06
   4.9336837e-06
   4.8423662e-06
   4.7425385e-06
   4.6339690e-06
   4.5161168e-06
   4.3882239e-06
   4.2494070e-06
   4.0987448e-06
   3.9353503e-06
   3.7584271e-06
   3.5673051e-06
   3.3614586e-06
   3.1405070e-06
   2.9042023e-06
   2.6524102e-06
   2.3850892e-06
   2.1022755e-06
   1.8040721e-06
   1.4906471e-06
   1.1622408e-06
   8.1917933e-07
   4.6189583e-07
   9.0954147e-08
  -2.9292479e-07
  -6.8883759e-07
  -1.0956750e-06
  -1.5121006e-06
  -1.9365334e-06
  -2.3671373e-06
  -2.8018179e-06
  -3.2382278e-06
  -3.6737806e-06
  -4.1056765e-06
  -4.5309388e-06
  -4.9464642e-06
  -5.3490848e-06
  -5.7356411e-06
  -6.1030635e-06
  -6.4484562e-06
  -6.7691798e-06
  -7.0629239e-06
  -7.3277644e-06
  -7.5622007e-06
  -7.7651607e-06
  -7.9360308e-06
  -8.0745997e-06
  -8.1810325e-06
  -8.2558250e-06
  -8.2997533e-06
  -8.3138266e-06
  -8.2992425e-06
  -8.2573518e-06
  -8.1896321e-06
  -8.0976688e-06
  -7.9831431e-06
  -7.8478236e-06
  -7.6935617e-06
  -7.5222865e-06
  -7.3360005e-06
  -7.1367710e-06
  -6.9267186e-06
  -6.7079986e-06
  -6.4827743e-06
  -6.2531812e-06
  -6.0212800e-06
  -5.7889983e-06
  -5.5580631e-06
  -5.3299271e-06
  -5.1056955e-06
  -4.8860593e-06
  -4.6712416e-06
  -4.4609620e-06
  -4.2544274e-06
  -4.0503471e-06
  -3.8469718e-06
  -3.6421510e-06
  -3.4334019e-06
  -3.2179808e-06
  -2.9929523e-06
  -2.7552569e-06
  -2.5017740e-06
  -2.2293825e-06
  -1.9350213e-06
  -1.6157538e-06
  -1.2688377e-06
  -8.9180016e-07
  -4.8251499e-07
  -3.9281705e-08
   4.3909746e-07
   9.5324501e-07
   1.5031433e-06
   2.0880831e-06
   2.7066303e-06
   3.3566151e-06
   4.0351452e-06
   4.7386452e-06
   5.4629190e-06
   6.2032315e-06
   6.9544021e-06
   7.7109049e-06
   8.4669694e-06
   9.2166772e-06
   9.9540489e-06
   1.0673120e-05
   1.1368002e-05
   1.2032933e-05
   1.2662318e-05
   1.3250752e-05
   1.3793053e-05
   1.4284279e-05
   1.4719760e-05
   1.5095130e-05
   1.5406365e-05
   1.5649830e-05
   1.5822333e-05
   1.5921184e-05
   1.5944256e-05
   1.5890052e-05
   1.5757757e-05
   1.5547286e-05
   1.5259315e-05
   1.4895288e-05
   1.4457403e-05
   1.3948578e-05
   1.3372381e-05
   1.2732960e-05
   1.2034947e-05
   1.1283366e-05
   1.0483531e-05
   9.6409629e-06
   8.7613028e-06
   7.8502497e-06
   6.9135074e-06
   5.9567477e-06
   4.9855860e-06
   4.0055682e-06
   3.0221672e-06
   2.0407837e-06
   1.0667488e-06
   1.0532770e-07
  -8.3828141e-07
  -1.7589580e-06
  -2.6516833e-06
  -3.5115807e-06
  -4.3339714e-06
  -5.1144420e-06
  -5.8489194e-06
  -6.5337446e-06
  -7.1657396e-06
  -7.7422615e-06
  -8.2612410e-06
  -8.7212030e-06
  -9.1212711e-06
  -9.4611569e-06
  -9.7411409e-06
  -9.9620451e-06
  -1.0125203e-05
  -1.0232427e-05
  -1.0285976e-05
  -1.0288527e-05
  -1.0243140e-05
  -1.0153234e-05
  -1.0022548e-05
  -9.8551056e-06
  -9.6551710e-06
  -9.4271955e-06
  -9.1757536e-06
  -8.9054699e-06
  -8.6209372e-06
  -8.3266248e-06
  -8.0267823e-06
  -7.7253410e-06
  -7.4258187e-06
  -7.1312318e-06
  -6.8440227e-06
  -6.5660051e-06
  -6.2983276e-06
  -6.0414592e-06
  -5.7951927e-06
  -5.5586643e-06
  -5.3303875e-06
  -5.1083018e-06
  -4.8898354e-06
  -4.6719842e-06
  -4.4514076e-06
  -4.2245393e-06
  -3.9877115e-06
  -3.7372930e-06
  -3.4698335e-06
  -3.1822102e-06
  -2.8717684e-06
  -2.5364481e-06
  -2.1748857e-06
  -1.7864842e-06
  -1.3714439e-06
  -9.3075087e-07
  -4.6612518e-07
   2.0072071e-08
   5.2496516e-07
   1.0453151e-06
   1.5776850e-06
   2.1186073e-06
   2.6647413e-06
   3.2130124e-06
   3.7607277e-06
   4.3056663e-06
   4.8461425e-06
   5.3810434e-06
   5.9098413e-06
   6.4325868e-06
   6.9498779e-06
   7.4628113e-06
   7.9729163e-06
   8.4820769e-06
   8.9924425e-06
   9.5063301e-06
   1.0026119e-05
   1.0554139e-05
   1.1092555e-05
   1.1643240e-05
   1.2207662e-05
   1.2786754e-05
   1.3380812e-05
   1.3989390e-05
   1.4611223e-05
   1.5244168e-05
   1.5885181e-05
   1.6530324e-05
   1.7174810e-05
   1.7813085e-05
   1.8438950e-05
   1.9045707e-05
   1.9626338e-05
   2.0173686e-05
   2.0680652e-05
   2.1140364e-05
   2.1546345e-05
   2.1892642e-05
   2.2173945e-05
   2.2385664e-05
   2.2523998e-05
   2.2585969e-05
   2.2569448e-05
   2.2473153e-05
   2.2296650e-05
   2.2040327e-05
   2.1705369e-05
   2.1293714e-05
   2.0808009e-05
   2.0251549e-05
   1.9628210e-05
   1.8942366e-05
   1.8198807e-05
   1.7402630e-05
   1.6559139e-05
   1.5673730e-05
   1.4751771e-05
   1.3798495e-05
   1.2818893e-05
   1.1817625e-05
   1.0798949e-05
   9.7666759e-06
   8.7241433e-06
   7.6742179e-06
   6.6193234e-06
   5.5614925e-06
   4.5024430e-06
   3.4436772e-06
   2.3865966e-06
   1.3326283e-06
   2.8335371e-07
  -7.5937066e-07
  -1.7933085e-06
  -2.8157660e-06
  -3.8235480e-06
  -4.8129549e-06
  -5.7798186e-06
  -6.7195746e-06
  -7.6273658e-06
  -8.4981694e-06
  -9.3269351e-06
  -1.0108727e-05
  -1.0838856e-05
  -1.1513003e-05
  -1.2127318e-05
  -1.2678496e-05
  -1.3163832e-05
  -1.3581250e-05
  -1.3929307e-05
  -1.4207181e-05
  -1.4414648e-05
  -1.4552041e-05
  -1.4620229e-05
  -1.4620591e-05
  -1.4555013e-05
  -1.4425895e-05
  -1.4236178e-05
  -1.3989360e-05
  -1.3689525e-05
  -1.3341344e-05
  -1.2950058e-05
  -1.2521432e-05
  -1.2061680e-05
  -1.1577358e-05
  -1.1075244e-05
  -1.0562199e-05
  -1.0045026e-05
  -9.5303347e-06
  -9.0244034e-06
  -8.5330584e-06
  -8.0615590e-06
  -7.6144940e-06
  -7.1956924e-06
  -6.8081525e-06
  -6.4539924e-06
  -6.1344244e-06
  -5.8497555e-06
  -5.5994161e-06
  -5.3820141e-06
  -5.1954135e-06
  -5.0368326e-06
  -4.9029584e-06
  -4.7900713e-06
  -4.6941747e-06
  -4.6111231e-06
  -4.5367446e-06
  -4.4669535e-06
  -4.3978512e-06
  -4.3258129e-06
  -4.2475619e-06
  -4.1602319e-06
  -4.0614197e-06
  -3.9492296e-06
  -3.8223067e-06
  -3.6798600e-06
  -3.5216712e-06
  -3.3480873e-06
  -3.1599962e-06
  -2.9587844e-06
  -2.7462813e-06
  -2.5246876e-06
  -2.2964935e-06
  -2.0643907e-06
  -1.8311847e-06
  -1.5997081e-06
  -1.3727387e-06
  -1.1529219e-06
  -9.4270142e-07
  -7.4425683e-07
  -5.5945016e-07
  -3.8978058e-07
  -2.3634996e-07
  -9.9842598e-08
   1.9479071e-08
   1.2175746e-07
   2.0749784e-07
   2.7750148e-07
   3.3277777e-07
   3.7444170e-07
   4.0360312e-07
   4.2125769e-07
   4.2819035e-07
   4.2490229e-07
   4.1157213e-07
   3.8805861e-07
   3.5394543e-07
   3.0862498e-07
   2.5141544e-07
   1.8169980e-07
   9.9072726e-08
   3.4815186e-09
  -1.0465225e-07
  -2.2434319e-07
  -3.5399311e-07
  -4.9138679e-07
  -6.3373285e-07
  -7.7774516e-07
  -9.1975647e-07
  -1.0558526e-06
  -1.1820167e-06
  -1.2942732e-06
  -1.3888233e-06
  -1.4621627e-06
  -1.5111764e-06
  -1.5332094e-06
  -1.5261154e-06
  -1.4882876e-06
  -1.4186752e-06
  -1.3167895e-06
  -1.1827021e-06
  -1.0170361e-06
  -8.2094885e-07
  -5.9610733e-07
  -3.4465190e-07
  -6.9149657e-08
   2.2746336e-07
   5.4194873e-07
   8.7083927e-07
   1.2105166e-06
   1.5572870e-06
   1.9074514e-06
   2.2573661e-06
   2.6034977e-06
   2.9424700e-06
   3.2711050e-06
   3.5864518e-06
   3.8858042e-06
   4.1667031e-06
   4.4269259e-06
   4.6644634e-06
   4.8774904e-06
   5.0643354e-06
   5.2234586e-06
   5.3534428e-06
   5.4530077e-06
   5.5210511e-06
   5.5567197e-06
   5.5595062e-06
   5.5293660e-06
   5.4668422e-06
   5.3731824e-06
   5.2504303e-06
   5.1014790e-06
   4.9300752e-06
   4.7407692e-06
   4.5388108e-06
   4.3299949e-06
   4.1204616e-06
   3.9164656e-06
   3.7241284e-06
   3.5491908e-06
   3.3967817e-06
   3.2712148e-06
   3.1758254e-06
   3.1128535e-06
   3.0833779e-06
   3.0873037e-06
   3.1234014e-06
   3.1893930e-06
   3.2820794e-06
   3.3975003e-06
   3.5311134e-06
   3.6779836e-06
   3.8329667e-06
   3.9908802e-06
   4.1466502e-06
   4.2954309e-06
   4.4326926e-06
   4.5542811e-06
   4.6564518e-06
   4.7358815e-06
   4.7896652e-06
   4.8153037e-06
   4.8106863e-06
   4.7740756e-06
   4.7040967e-06
   4.5997370e-06
   4.4603562e-06
   4.2857097e-06
   4.0759802e-06
   3.8318125e-06
   3.5543427e-06
   3.2452134e-06
   2.9065666e-06
   2.5410089e-06
   2.1515469e-06
   1.7414969e-06
   1.3143738e-06
   8.7376508e-07
   4.2319838e-07
  -3.3987180e-08
  -4.9475890e-07
  -9.5648943e-07
  -1.4170313e-06
  -1.8747625e-06
  -2.3285996e-06
  -2.7779815e-06
  -3.2228267e-06
  -3.6634705e-06
  -4.1005868e-06
  -4.5351023e-06
  -4.9681062e-06
  -5.4007616e-06
  -5.8342242e-06
  -6.2695706e-06
  -6.7077388e-06
  -7.1494849e-06
  -7.5953553e-06
  -8.0456757e-06
  -8.5005549e-06
  -8.9598992e-06
  -9.4234360e-06
  -9.8907387e-06
  -1.0361249e-05
  -1.0834293e-05
  -1.1309081e-05
  -1.1784704e-05
  -1.2260112e-05
  -1.2734076e-05
  -1.3205156e-05
  -1.3671641e-05
  -1.4131508e-05
  -1.4582360e-05
  -1.5021389e-05
  -1.5445327e-05
  -1.5850424e-05
  -1.6232432e-05
  -1.6586612e-05
  -1.6907757e-05
  -1.7190245e-05
  -1.7428106e-05
  -1.7615119e-05
  -1.7744931e-05
  -1.7811186e-05
  -1.7807679e-05
  -1.7728508e-05
  -1.7568237e-05
  -1.7322064e-05
  -1.6985974e-05
  -1.6556893e-05
  -1.6032822e-05
  -1.5412960e-05
  -1.4697795e-05
  -1.3889179e-05
  -1.2990359e-05
  -1.2005983e-05
  -1.0942063e-05
  -9.8059059e-06
  -8.6060123e-06
  -7.3519535e-06
  -6.0542299e-06
  -4.7241200e-06
  -3.3735246e-06
  -2.0148106e-06
  -6.6065477e-07
   6.7611030e-07
   1.9826511e-06
   3.2462927e-06
   4.4546853e-06
   5.5959816e-06
   6.6590292e-06
   7.6335754e-06
   8.5104841e-06
   9.2819572e-06
   9.9417514e-06
   1.0485379e-05
   1.0910279e-05
   1.1215947e-05
   1.1404008e-05
   1.1478231e-05
   1.1444468e-05
   1.1310529e-05
   1.1085996e-05
   1.0781970e-05
   1.0410781e-05
   9.9856577e-06
   9.5203678e-06
   9.0288546e-06
   8.5248691e-06
   8.0216207e-06
   7.5314594e-06
   7.0656020e-06
   6.6339153e-06
   6.2447626e-06
   5.9049173e-06
   5.6195401e-06
   5.3922162e-06
   5.2250407e-06
   5.1187461e-06
   5.0728563e-06
   5.0858546e-06
   5.1553536e-06
   5.2782579e-06
   5.4509132e-06
   5.6692377e-06
   5.9288362e-06
   6.2250987e-06
   6.5532869e-06
   6.9086111e-06
   7.2863002e-06
   7.6816655e-06
   8.0901580e-06
   8.5074185e-06
   8.9293207e-06
   9.3520074e-06
   9.7719190e-06
   1.0185812e-05
   1.0590766e-05
   1.0984174e-05
   1.1363721e-05
   1.1727344e-05
   1.2073177e-05
   1.2399496e-05
   1.2704648e-05
   1.2986987e-05
   1.3244807e-05
   1.3476284e-05
   1.3679427e-05
   1.3852039e-05
   1.3991686e-05
   1.4095693e-05
   1.4161143e-05
   1.4184906e-05
   1.4163682e-05
   1.4094060e-05
   1.3972595e-05
   1.3795898e-05
   1.3560737e-05
   1.3264147e-05
   1.2903549e-05
   1.2476867e-05
   1.1982661e-05
   1.1420243e-05
   1.0789793e-05
   1.0092459e-05
   9.3304346e-06
   8.5069996e-06
   7.6265312e-06
   6.6944682e-06
   5.7172384e-06
   4.7021500e-06
   3.6572548e-06
   2.5911910e-06
   1.5130130e-06
   4.3201517e-07
  -6.4244428e-07
  -1.7011145e-06
  -2.7350142e-06
  -3.7355816e-06
  -4.6948054e-06
  -5.6053339e-06
  -6.4605624e-06
  -7.2546985e-06
  -7.9828131e-06
  -8.6408815e-06
  -9.2258176e-06
  -9.7355035e-06
  -1.0168811e-05
  -1.0525617e-05
  -1.0806801e-05
  -1.1014232e-05
  -1.1150733e-05
  -1.1220022e-05
  -1.1226634e-05
  -1.1175815e-05
  -1.1073392e-05
  -1.0925626e-05
  -1.0739043e-05
  -1.0520257e-05
  -1.0275782e-05
  -1.0011848e-05
  -9.7342252e-06
  -9.4480727e-06
  -9.1578070e-06
  -8.8670026e-06
  -8.5783245e-06
  -8.2934907e-06
  -8.0132640e-06
  -7.7374757e-06
  -7.4650824e-06
  -7.1942572e-06
  -6.9225112e-06
  -6.6468399e-06
  -6.3638849e-06
  -6.0701047e-06
  -5.7619425e-06
  -5.4359844e-06
  -5.0890990e-06
  -4.7185536e-06
  -4.3221027e-06
  -3.8980527e-06
  -3.4453040e-06
  -2.9633761e-06
  -2.4524227e-06
  -1.9132422e-06
  -1.3472902e-06
  -7.5669287e-07
  -1.4426428e-07
   4.8647528e-07
   1.1312852e-06
   1.7851981e-06
   2.4425267e-06
   3.0968882e-06
   3.7412524e-06
   4.3680163e-06
   4.9691078e-06
   5.5361176e-06
   6.0604562e-06
   6.5335330e-06
   6.9469509e-06
   7.2927087e-06
   7.5634025e-06
   7.7524194e-06
   7.8541160e-06
   7.8639747e-06
   7.7787351e-06
   7.5964954e-06
   7.3167826e-06
   6.9405913e-06
   6.4703937e-06
   5.9101206e-06
   5.2651154e-06
   4.5420598e-06
   3.7488711e-06
   2.8945722e-06
   1.9891349e-06
   1.0433027e-06
   6.8395778e-08
  -9.2389531e-07
  -1.9217231e-06
  -2.9132955e-06
  -3.8870825e-06
  -4.8320154e-06
  -5.7376743e-06
  -6.5944657e-06
  -7.3937843e-06
  -8.1281577e-06
  -8.7913705e-06
  -9.3785616e-06
  -9.8862927e-06
  -1.0312582e-05
  -1.0656902e-05
  -1.0920143e-05
  -1.1104532e-05
  -1.1213521e-05
  -1.1251643e-05
  -1.1224331e-05
  -1.1137723e-05
  -1.0998444e-05
  -1.0813379e-05
  -1.0589442e-05
  -1.0333359e-05
  -1.0051465e-05
  -9.7495285e-06
  -9.4326200e-06
  -9.1050133e-06
  -8.7701408e-06
  -8.4305936e-06
  -8.0881688e-06
  -7.7439554e-06
  -7.3984522e-06
  -7.0517041e-06
  -6.7034430e-06
  -6.3532212e-06
  -6.0005254e-06
  -5.6448684e-06
  -5.2858594e-06
  -4.9232529e-06
  -4.5569800e-06
  -4.1871670e-06
  -3.8141448e-06
  -3.4384525e-06
  -3.0608413e-06
  -2.6822808e-06
  -2.3039695e-06
  -1.9273488e-06
  -1.5541206e-06
  -1.1862658e-06
  -8.2605945e-07
  -4.7607856e-07
  -1.3920122e-07
   1.8140704e-07
   4.8232027e-07
   7.5988995e-07
   1.0102940e-06
   1.2295974e-06
   1.4138246e-06
   1.5590425e-06
   1.6614520e-06
   1.7174872e-06
   1.7239214e-06
   1.6779735e-06
   1.5774128e-06
   1.4206577e-06
   1.2068639e-06
   9.3599786e-07
   6.0889395e-07
   2.2729015e-07
  -2.0615994e-07
  -6.8790013e-07
  -1.2135103e-06
  -1.7777710e-06
  -2.3747527e-06
  -2.9979253e-06
  -3.6402841e-06
  -4.2944884e-06
  -4.9530070e-06
  -5.6082655e-06
  -6.2527897e-06
  -6.8793419e-06
  -7.4810459e-06
  -8.0514986e-06
  -8.5848651e-06
  -9.0759593e-06
  -9.5203117e-06
  -9.9142241e-06
  -1.0254812e-05
  -1.0540033e-05
  -1.0768702e-05
  -1.0940484e-05
  -1.1055866e-05
  -1.1116108e-05
  -1.1123176e-05
  -1.1079651e-05
  -1.0988626e-05
  -1.0853606e-05
  -1.0678390e-05
  -1.0466968e-05
  -1.0223421e-05
  -9.9518220e-06
  -9.6561461e-06
  -9.3401922e-06
  -9.0075038e-06
  -8.6613006e-06
  -8.3044151e-06
  -7.9392360e-06
  -7.5676574e-06
  -7.1910384e-06
  -6.8101752e-06
  -6.4252880e-06
  -6.0360273e-06
  -5.6414993e-06
  -5.2403131e-06
  -4.8306485e-06
  -4.4103420e-06
  -3.9769863e-06
  -3.5280399e-06
  -3.0609391e-06
  -2.5732082e-06
  -2.0625601e-06
  -1.5269801e-06
  -9.6478762e-07
  -3.7467296e-07
   2.4429102e-07
   8.9266170e-07
   1.5706588e-06
   2.2782088e-06
   3.0149943e-06
   3.7805023e-06
   4.5740651e-06
   5.3948906e-06
   6.2420819e-06
   7.1146490e-06
   8.0115166e-06
   8.9315305e-06
   9.8734633e-06
   1.0836022e-05
   1.1817858e-05
   1.2817577e-05
   1.3833749e-05
   1.4864915e-05
   1.5909589e-05
   1.6966253e-05
   1.8033353e-05
   1.9109280e-05
   2.0192338e-05
   2.1280716e-05
   2.2372429e-05
   2.3465255e-05
   2.4556658e-05
   2.5643703e-05
   2.6722969e-05
   2.7790474e-05
   2.8841617e-05
   2.9871136e-05
   3.0873097e-05
   3.1840918e-05
   3.2767422e-05
   3.3644928e-05
   3.4465364e-05
   3.5220416e-05
   3.5901688e-05
   3.6500870e-05
   3.7009918e-05
   3.7421219e-05
   3.7727745e-05
   3.7923196e-05
   3.8002118e-05
   3.7959998e-05
   3.7793326e-05
   3.7499636e-05
   3.7077519e-05
   3.6526607e-05
   3.5847541e-05
   3.5041921e-05
   3.4112238e-05
   3.3061810e-05
   3.1894709e-05
   3.0615698e-05
   2.9230173e-05
   2.7744111e-05
   2.6164034e-05
   2.4496969e-05
   2.2750428e-05
   2.0932371e-05
   1.9051176e-05
   1.7115597e-05
   1.5134710e-05
   1.3117848e-05
   1.1074521e-05
   9.0143331e-06
   6.9469002e-06
   4.8817600e-06
   2.8282922e-06
   7.9564180e-07
  -1.2073480e-06
  -3.1721952e-06
  -5.0908301e-06
  -6.9556392e-06
  -8.7595073e-06
  -1.0495863e-05
  -1.2158732e-05
  -1.3742803e-05
  -1.5243497e-05
  -1.6657047e-05
  -1.7980566e-05
  -1.9212104e-05
  -2.0350694e-05
  -2.1396347e-05
  -2.2350032e-05
  -2.3213606e-05
  -2.3989708e-05
  -2.4681630e-05
  -2.5293157e-05
  -2.5828404e-05
  -2.6291653e-05
  -2.6687189e-05
  -2.7019170e-05
  -2.7291519e-05
  -2.7507845e-05
  -2.7671406e-05
  -2.7785098e-05
  -2.7851482e-05
  -2.7872817e-05
  -2.7851121e-05
  -2.7788225e-05
  -2.7685828e-05
  -2.7545547e-05
  -2.7368967e-05
  -2.7157677e-05
  -2.6913314e-05
  -2.6637596e-05
  -2.6332347e-05
  -2.5999509e-05
  -2.5641154e-05
  -2.5259469e-05
  -2.4856749e-05
  -2.4435365e-05
  -2.3997741e-05
  -2.3546317e-05
  -2.3083499e-05
  -2.2611612e-05
  -2.2132838e-05
  -2.1649144e-05
  -2.1162217e-05
  -2.0673387e-05
  -2.0183568e-05
  -1.9693203e-05
  -1.9202233e-05
  -1.8710076e-05
  -1.8215634e-05
  -1.7717325e-05
  -1.7213125e-05
  -1.6700644e-05
  -1.6177208e-05
  -1.5639961e-05
  -1.5085964e-05
  -1.4512313e-05
  -1.3916239e-05
  -1.3295210e-05
  -1.2647020e-05
  -1.1969862e-05
  -1.1262387e-05
  -1.0523752e-05
  -9.7536413e-06
  -8.9522889e-06
  -8.1204733e-06
  -7.2595066e-06
  -6.3712148e-06
  -5.4579121e-06
  -4.5223715e-06
  -3.5677904e-06
  -2.5977489e-06
  -1.6161586e-06
  -6.2719728e-07
   3.6477042e-07
   1.3552885e-06
   2.3399155e-06
   3.3143341e-06
   4.2744582e-06
   5.2165273e-06
   6.1371833e-06
   7.0335214e-06
   7.9031131e-06
   8.7440014e-06
   9.5546689e-06
   1.0333985e-05
   1.1081133e-05
   1.1795534e-05
   1.2476758e-05
   1.3124445e-05
   1.3738240e-05
   1.4317752e-05
   1.4862536e-05
   1.5372100e-05
   1.5845933e-05
   1.6283541e-05
   1.6684480e-05
   1.7048389e-05
   1.7375024e-05
   1.7664273e-05
   1.7916178e-05
   1.8130945e-05
   1.8308940e-05
   1.8450688e-05
   1.8556848e-05
   1.8628184e-05
   1.8665523e-05
   1.8669706e-05
   1.8641527e-05
   1.8581669e-05
   1.8490636e-05
   1.8368697e-05
   1.8215826e-05
   1.8031670e-05
   1.7815533e-05
   1.7566377e-05
   1.7282865e-05
   1.6963414e-05
   1.6606280e-05
   1.6209654e-05
   1.5771771e-05
   1.5291020e-05
   1.4766049e-05
   1.4195861e-05
   1.3579894e-05
   1.2918079e-05
   1.2210892e-05
   1.1459381e-05
   1.0665195e-05
   9.8305968e-06
   8.9584790e-06
   8.0523699e-06
   7.1164416e-06
   6.1554792e-06
   5.1748875e-06
   4.1806531e-06
   3.1793022e-06
   2.1778444e-06
   1.1837002e-06
   2.0461563e-07
  -7.5143922e-07
  -1.6763842e-06
  -2.5621582e-06
  -3.4008601e-06
  -4.1849011e-06
  -4.9071592e-06
  -5.5611347e-06
  -6.1411026e-06
  -6.6422599e-06
  -7.0608602e-06
  -7.3943337e-06
  -7.6413824e-06
  -7.8020483e-06
  -7.8777463e-06
  -7.8712608e-06
  -7.7867034e-06
  -7.6294309e-06
  -7.4059244e-06
  -7.1236356e-06
  -6.7908059e-06
  -6.4162664e-06
  -6.0092285e-06
  -5.5790766e-06
  -5.1351692e-06
  -4.6866570e-06
  -4.2423204e-06
  -3.8104313e-06
  -3.3986389e-06
  -3.0138796e-06
  -2.6623086e-06
  -2.3492516e-06
  -2.0791788e-06
  -1.8556971e-06
  -1.6815654e-06
  -1.5587297e-06
  -1.4883735e-06
  -1.4709780e-06
  -1.5063832e-06
  -1.5938408e-06
  -1.7320536e-06
  -1.9191980e-06
  -2.1529283e-06
  -2.4303680e-06
  -2.7480980e-06
  -3.1021485e-06
  -3.4880055e-06
  -3.9006407e-06
  -4.3345662e-06
  -4.7839121e-06
  -5.2425234e-06
  -5.7040679e-06
  -6.1621476e-06
  -6.6104086e-06
  -7.0426431e-06
  -7.4528810e-06
  -7.8354673e-06
  -8.1851284e-06
  -8.4970283e-06
  -8.7668171e-06
  -8.9906759e-06
  -9.1653605e-06
  -9.2882486e-06
  -9.3573904e-06
  -9.3715613e-06
  -9.3303148e-06
  -9.2340312e-06
  -9.0839559e-06
  -8.8822223e-06
  -8.6318532e-06
  -8.3367383e-06
  -8.0015823e-06
  -7.6318259e-06
  -7.2335411e-06
  -6.8133023e-06
  -6.3780386e-06
  -5.9348728e-06
  -5.4909532e-06
  -5.0532826e-06
  -4.6285514e-06
  -4.2229792e-06
  -3.8421688e-06
  -3.4909810e-06
  -3.1734330e-06
  -2.8926241e-06
  -2.6506904e-06
  -2.4487884e-06
  -2.2871045e-06
  -2.1648850e-06
  -2.0804860e-06
  -2.0314384e-06
  -2.0145253e-06
  -2.0258715e-06
  -2.0610452e-06
  -2.1151725e-06
  -2.1830655e-06
  -2.2593630e-06
  -2.3386841e-06
  -2.4157891e-06
  -2.4857472e-06
  -2.5441049e-06
  -2.5870499e-06
  -2.6115647e-06
  -2.6155592e-06
  -2.5979764e-06
  -2.5588589e-06
  -2.4993680e-06
  -2.4217505e-06
  -2.3292504e-06
  -2.2259651e-06
  -2.1166492e-06
  -2.0064770e-06
  -1.9007728e-06
  -1.8047255e-06
  -1.7231029e-06
  -1.6599836e-06
  -1.6185253e-06
  -1.6007868e-06
  -1.6076165e-06
  -1.6386132e-06
  -1.6921658e-06
  -1.7655631e-06
  -1.8551649e-06
  -1.9566174e-06
  -2.0650926e-06
  -2.1755358e-06
  -2.2829018e-06
  -2.3823667e-06
  -2.4695072e-06
  -2.5404449e-06
  -2.5919503e-06
  -2.6215125e-06
  -2.6273756e-06
  -2.6085441e-06
  -2.5647639e-06
  -2.4964808e-06
  -2.4047832e-06
  -2.2913345e-06
  -2.1582991e-06
  -2.0082672e-06
  -1.8441812e-06
  -1.6692663e-06
  -1.4869657e-06
  -1.3008807e-06
  -1.1147150e-06
  -9.3222149e-07
  -7.5714750e-07
  -5.9317564e-07
  -4.4386019e-07
  -3.1255770e-07
  -2.0235096e-07
  -1.1596818e-07
  -5.5699115e-08
  -2.3310758e-08
  -1.9968662e-08
  -4.6168859e-08
  -1.0168455e-07
  -1.8553255e-07
  -2.9596222e-07
  -4.3046866e-07
  -5.8583013e-07
  -7.5816545e-07
  -9.4300766e-07
  -1.1353894e-06
  -1.3299357e-06
  -1.5209615e-06
  -1.7025765e-06
  -1.8687957e-06
  -2.0136588e-06
  -2.1313535e-06
  -2.2163415e-06
  -2.2634784e-06
  -2.2681243e-06
  -2.2262382e-06
  -2.1344542e-06
  -1.9901366e-06
  -1.7914156e-06
  -1.5372026e-06
  -1.2271866e-06
  -8.6181486e-07
  -4.4226007e-07
   2.9620817e-08
   5.5133273e-07
   1.1197916e-06
   1.7313739e-06
   2.3819654e-06
   3.0670090e-06
   3.7815532e-06
   4.5203021e-06
   5.2776713e-06
   6.0478494e-06
   6.8248660e-06
   7.6026656e-06
   8.3751857e-06
   9.1364387e-06
   9.8805939e-06
   1.0602058e-05
   1.1295553e-05
   1.1956189e-05
   1.2579527e-05
   1.3161635e-05
   1.3699127e-05
   1.4189192e-05
   1.4629604e-05
   1.5018719e-05
   1.5355466e-05
   1.5639318e-05
   1.5870273e-05
   1.6048820e-05
   1.6175916e-05
   1.6252967e-05
   1.6281812e-05
   1.6264710e-05
   1.6204331e-05
   1.6103738e-05
   1.5966358e-05
   1.5795942e-05
   1.5596512e-05
   1.5372292e-05
   1.5127628e-05
   1.4866905e-05
   1.4594448e-05
   1.4314425e-05
   1.4030738e-05
   1.3746900e-05
   1.3465917e-05
   1.3190157e-05
   1.2921222e-05
   1.2659830e-05
   1.2405719e-05
   1.2157572e-05
   1.1912978e-05
   1.1668433e-05
   1.1419383e-05
   1.1160316e-05
   1.0884895e-05
   1.0586132e-05
   1.0256602e-05
   9.8886841e-06
   9.4748171e-06
   9.0077740e-06
   8.4809302e-06
   7.8885215e-06
   7.2258831e-06
   6.4896607e-06
   5.6779877e-06
   4.7906226e-06
   3.8290441e-06
   2.7964971e-06
   1.6979888e-06
   5.4023505e-07
  -6.6844411e-07
  -1.9182760e-06
  -3.1982291e-06
  -4.4962453e-06
  -5.7995010e-06
  -7.0946901e-06
  -8.3683188e-06
  -9.6070016e-06
  -1.0797747e-05
  -1.1928220e-05
  -1.2986978e-05
  -1.3963661e-05
  -1.4849147e-05
  -1.5635658e-05
  -1.6316832e-05
  -1.6887750e-05
  -1.7344940e-05
  -1.7686338e-05
  -1.7911243e-05
  -1.8020247e-05
  -1.8015146e-05
  -1.7898850e-05
  -1.7675285e-05
  -1.7349284e-05
  -1.6926485e-05
  -1.6413216e-05
  -1.5816396e-05
  -1.5143428e-05
  -1.4402101e-05
  -1.3600501e-05
  -1.2746918e-05
  -1.1849758e-05
  -1.0917464e-05
  -9.9584414e-06
  -8.9809835e-06
  -7.9932146e-06
  -7.0030321e-06
  -6.0180579e-06
  -5.0455997e-06
  -4.0926209e-06
  -3.1657226e-06
  -2.2711366e-06
  -1.4147289e-06
  -6.0200788e-07
   1.6186540e-07
   8.7206804e-07
   1.5241139e-06
   2.1138647e-06
   2.6375567e-06
   3.0918450e-06
   3.4738677e-06
   3.7813283e-06
   4.0125942e-06
   4.1668015e-06
   4.2439607e-06
   4.2450509e-06
   4.1720908e-06
   4.0281783e-06
   3.8174910e-06
   3.5452438e-06
   3.2176039e-06
   2.8415689e-06
   2.4248150e-06
   1.9755214e-06
   1.5021862e-06
   1.0134455e-06
   5.1790574e-07
   2.3996274e-08
  -4.6015171e-07
  -9.2680170e-07
  -1.3686851e-06
  -1.7790552e-06
  -2.1517256e-06
  -2.4811006e-06
  -2.7621989e-06
  -2.9906728e-06
  -3.1628257e-06
  -3.2756290e-06
  -3.3267399e-06
  -3.3145205e-06
  -3.2380554e-06
  -3.0971649e-06
  -2.8924104e-06
  -2.6250871e-06
  -2.2972022e-06
  -1.9114319e-06
  -1.4710610e-06
  -9.7990698e-07
  -4.4223239e-07
   1.3734755e-07
   7.5395695e-07
   1.4025458e-06
   2.0779676e-06
   2.7750457e-06
   3.4886279e-06
   4.2136278e-06
   4.9450555e-06
   5.6780345e-06
   6.4078053e-06
   7.1297214e-06
   7.8392398e-06
   8.5319126e-06
   9.2033811e-06
   9.8493770e-06
   1.0465727e-05
   1.1048364e-05
   1.1593334e-05
   1.2096815e-05
   1.2555125e-05
   1.2964746e-05
   1.3322334e-05
   1.3624748e-05
   1.3869075e-05
   1.4052664e-05
   1.4173166e-05
   1.4228574e-05
   1.4217278e-05
   1.4138116e-05
   1.3990432e-05
   1.3774143e-05
   1.3489794e-05
   1.3138621e-05
   1.2722595e-05
   1.2244469e-05
   1.1707792e-05
   1.1116923e-05
   1.0477002e-05
   9.7939136e-06
   9.0742215e-06
   8.3250805e-06
   7.5541364e-06
   6.7694146e-06
   5.9792004e-06
   5.1919135e-06
   4.4159761e-06
   3.6596775e-06
   2.9310343e-06
   2.2376474e-06
   1.5865595e-06
   9.8412056e-07
   4.3586559e-07
  -5.3589890e-08
  -4.8062928e-07
  -8.4268551e-07
  -1.1382616e-06
  -1.3669206e-06
  -1.5292440e-06
  -1.6267618e-06
  -1.6618558e-06
  -1.6376432e-06
  -1.5578468e-06
  -1.4266602e-06
  -1.2486199e-06
  -1.0284936e-06
  -7.7119341e-07
  -4.8171904e-07
  -1.6513167e-07
   1.7344532e-07
   5.2880678e-07
   8.9563607e-07
   1.2684732e-06
   1.6416900e-06
   2.0094820e-06
   2.3658807e-06
   2.7047882e-06
   3.0200319e-06
   3.3054357e-06
   3.5549035e-06
   3.7625147e-06
   3.9226312e-06
   4.0300156e-06
   4.0799553e-06
   4.0683943e-06
   3.9920663e-06
   3.8486221e-06
   3.6367442e-06
   3.3562398e-06
   3.0081060e-06
   2.5945587e-06
   2.1190237e-06
   1.5860874e-06
   1.0014063e-06
   3.7157976e-07
  -2.9601065e-07
  -9.9338573e-07
  -1.7121711e-06
  -2.4438102e-06
  -3.1797775e-06
  -3.9117860e-06
  -4.6319801e-06
  -5.3331096e-06
  -6.0086800e-06
  -6.6530748e-06
  -7.2616486e-06
  -7.8307858e-06
  -8.3579219e-06
  -8.8415253e-06
  -9.2810401e-06
  -9.6767928e-06
  -1.0029868e-05
  -1.0341961e-05
  -1.0615224e-05
  -1.0852105e-05
  -1.1055203e-05
  -1.1227130e-05
  -1.1370401e-05
  -1.1487348e-05
  -1.1580058e-05
  -1.1650330e-05
  -1.1699663e-05
  -1.1729247e-05
  -1.1739973e-05
  -1.1732444e-05
  -1.1706993e-05
  -1.1663697e-05
  -1.1602397e-05
  -1.1522723e-05
  -1.1424124e-05
  -1.1305910e-05
  -1.1167301e-05
  -1.1007476e-05
  -1.0825632e-05
  -1.0621037e-05
  -1.0393062e-05
  -1.0141214e-05
  -9.8651343e-06
  -9.5645879e-06
  -9.2394300e-06
  -8.8895647e-06
  -8.5148993e-06
  -8.1153042e-06
  -7.6905840e-06
  -7.2404660e-06
  -6.7646078e-06
  -6.2626241e-06
  -5.7341328e-06
  -5.1788149e-06
  -4.5964882e-06
  -3.9871879e-06
  -3.3512533e-06
  -2.6894182e-06
  -2.0029024e-06
  -1.2934970e-06
  -5.6363806e-07
   1.8354008e-07
   9.4417971e-07
   1.7137106e-06
   2.4869019e-06
   3.2579545e-06
   4.0206297e-06
   4.7684095e-06
   5.4946775e-06
   6.1929146e-06
   6.8568962e-06
   7.4808836e-06
   8.0597989e-06
   8.5893751e-06
   9.0662740e-06
   9.4881656e-06
   9.8537668e-06
   1.0162840e-05
   1.0416150e-05
   1.0615393e-05
   1.0763091e-05
   1.0862471e-05
   1.0917339e-05
   1.0931951e-05
   1.0910886e-05
   1.0858935e-05
   1.0780997e-05
   1.0681973e-05
   1.0566677e-05
   1.0439736e-05
   1.0305502e-05
   1.0167965e-05
   1.0030671e-05
   9.8966454e-06
   9.7683340e-06
   9.6475498e-06
   9.5354453e-06
   9.4325079e-06
   9.3385813e-06
   9.2529112e-06
   9.1742078e-06
   9.1007185e-06
   9.0303052e-06
   8.9605249e-06
   8.8887095e-06
   8.8120444e-06
   8.7276463e-06
   8.6326380e-06
   8.5242193e-06
   8.3997321e-06
   8.2567152e-06
   8.0929496e-06
   7.9064866e-06
   7.6956606e-06
   7.4590863e-06
   7.1956453e-06
   6.9044653e-06
   6.5848968e-06
   6.2364934e-06
   5.8589954e-06
   5.4523220e-06
   5.0165685e-06
   4.5520063e-06
   4.0590818e-06
   3.5384098e-06
   2.9907621e-06
   2.4170474e-06
   1.8182814e-06
   1.1955495e-06
   5.4996926e-07
  -1.1733935e-07
  -8.0526882e-07
  -1.5127183e-06
  -2.2385650e-06
  -2.9816162e-06
  -3.7405477e-06
  -4.5138345e-06
  -5.2996831e-06
  -6.0959721e-06
  -6.9002086e-06
  -7.7095074e-06
  -8.5205954e-06
  -9.3298414e-06
  -1.0133310e-05
  -1.0926834e-05
  -1.1706107e-05
  -1.2466769e-05
  -1.3204510e-05
  -1.3915156e-05
  -1.4594758e-05
  -1.5239657e-05
  -1.5846543e-05
  -1.6412494e-05
  -1.6935003e-05
  -1.7411987e-05
  -1.7841781e-05
  -1.8223131e-05
  -1.8555166e-05
  -1.8837368e-05
  -1.9069530e-05
  -1.9251719e-05
  -1.9384225e-05
  -1.9467521e-05
  -1.9502215e-05
  -1.9489015e-05
  -1.9428695e-05
  -1.9322085e-05
  -1.9170063e-05
  -1.8973570e-05
  -1.8733635e-05
  -1.8451403e-05
  -1.8128170e-05
  -1.7765401e-05
  -1.7364739e-05
  -1.6927990e-05
  -1.6457096e-05
  -1.5954076e-05
  -1.5420963e-05
  -1.4859731e-05
  -1.4272224e-05
  -1.3660082e-05
  -1.3024696e-05
  -1.2367169e-05
  -1.1688308e-05
  -1.0988635e-05
  -1.0268419e-05
  -9.5277243e-06
  -8.7664827e-06
  -7.9845704e-06
  -7.1819000e-06
  -6.3585142e-06
  -5.5146809e-06
  -4.6509836e-06
  -3.7684018e-06
  -2.8683760e-06
  -1.9528541e-06
  -1.0243157e-06
  -8.5775354e-08
   8.5923277e-07
   1.8066887e-06
   2.7521352e-06
   3.6907394e-06
   4.6173642e-06
   5.5266489e-06
   6.4131005e-06
   7.2711943e-06
   8.0954818e-06
   8.8807053e-06
   9.6219173e-06
   1.0314603e-05
   1.0954802e-05
   1.1539219e-05
   1.2065322e-05
   1.2531415e-05
   1.2936689e-05
   1.3281234e-05
   1.3566025e-05
   1.3792874e-05
   1.3964356e-05
   1.4083719e-05
   1.4154768e-05
   1.4181743e-05
   1.4169193e-05
   1.4121847e-05
   1.4044490e-05
   1.3941842e-05
   1.3818467e-05
   1.3678682e-05
   1.3526502e-05
   1.3365594e-05
   1.3199255e-05
   1.3030390e-05
   1.2861514e-05
   1.2694744e-05
   1.2531807e-05
   1.2374043e-05
   1.2222414e-05
   1.2077514e-05
   1.1939580e-05
   1.1808508e-05
   1.1683871e-05
   1.1564930e-05
   1.1450656e-05
   1.1339738e-05
   1.1230592e-05
   1.1121365e-05
   1.1009935e-05
   1.0893915e-05
   1.0770652e-05
   1.0637245e-05
   1.0490564e-05
   1.0327276e-05
   1.0143897e-05
   9.9368388e-06
   9.7024751e-06
   9.4372088e-06
   9.1375457e-06
   8.8001706e-06
   8.4220277e-06
   8.0004034e-06
   7.5330105e-06
   7.0180705e-06
   6.4543940e-06
   5.8414553e-06
   5.1794618e-06
   4.4694105e-06
   3.7131283e-06
   2.9132891e-06
   2.0734069e-06
   1.1978012e-06
   2.9153521e-07
  -6.3966974e-07
  -1.5895424e-06
  -2.5513874e-06
  -3.5182263e-06
  -4.4829481e-06
  -5.4384681e-06
  -6.3778903e-06
  -7.2946654e-06
  -8.1827447e-06
  -9.0367214e-06
  -9.8519545e-06
  -1.0624672e-05
  -1.1352047e-05
  -1.2032234e-05
  -1.2664364e-05
  -1.3248494e-05
  -1.3785522e-05
  -1.4277058e-05
  -1.4725281e-05
  -1.5132782e-05
  -1.5502389e-05
  -1.5837012e-05
  -1.6139471e-05
  -1.6412354e-05
  -1.6657872e-05
  -1.6877750e-05
  -1.7073127e-05
  -1.7244501e-05
  -1.7391690e-05
  -1.7513837e-05
  -1.7609439e-05
  -1.7676412e-05
  -1.7712176e-05
  -1.7713771e-05
  -1.7677982e-05
  -1.7601487e-05
  -1.7480998e-05
  -1.7313411e-05
  -1.7095942e-05
  -1.6826255e-05
  -1.6502569e-05
  -1.6123750e-05
  -1.5689369e-05
  -1.5199742e-05
  -1.4655936e-05
  -1.4059753e-05
  -1.3413686e-05
  -1.2720847e-05
  -1.1984879e-05
  -1.1209841e-05
  -1.0400077e-05
  -9.5600758e-06
  -8.6943222e-06
  -7.8071579e-06
  -6.9026513e-06
  -5.9844920e-06
  -5.0559183e-06
  -4.1196843e-06
  -3.1780733e-06
  -2.2329542e-06
  -1.2858788e-06
  -3.3821357e-07
   6.0870497e-07
   1.5534046e-06
   2.4941148e-06
   3.4286213e-06
   4.3541471e-06
   5.2672728e-06
   6.1639015e-06
   7.0392708e-06
   7.8880111e-06
   8.7042454e-06
   9.4817232e-06
   1.0213981e-05
   1.0894520e-05
   1.1516988e-05
   1.2075364e-05
   1.2564126e-05
   1.2978397e-05
   1.3314067e-05
   1.3567878e-05
   1.3737472e-05
   1.3821418e-05
   1.3819200e-05
   1.3731192e-05
   1.3558624e-05
   1.3303542e-05
   1.2968759e-05
   1.2557826e-05
   1.2074985e-05
   1.1525137e-05
   1.0913801e-05
   1.0247056e-05
   9.5314872e-06
   8.7741056e-06
   7.9822634e-06
   7.1635538e-06
   6.3257066e-06
   5.4764833e-06
   4.6235755e-06
   3.7745107e-06
   2.9365677e-06
   2.1166998e-06
   1.3214651e-06
   5.5696192e-07
  -1.7123230e-07
  -8.5811833e-07
  -1.4993283e-06
  -2.0911747e-06
  -2.6306925e-06
  -3.1156754e-06
  -3.5447033e-06
  -3.9171609e-06
  -4.2332472e-06
  -4.4939722e-06
  -4.7011413e-06
  -4.8573239e-06
  -4.9658069e-06
  -5.0305281e-06
  -5.0559908e-06
  -5.0471585e-06
  -5.0093342e-06
  -4.9480307e-06
  -4.8688387e-06
  -4.7773030e-06
  -4.6788117e-06
  -4.5785031e-06
  -4.4811893e-06
  -4.3912946e-06
  -4.3128097e-06
  -4.2492560e-06
  -4.2036637e-06
  -4.1785591e-06
  -4.1759650e-06
  -4.1974090e-06
  -4.2439410e-06
  -4.3161561e-06
  -4.4142211e-06
  -4.5379013e-06
  -4.6865867e-06
  -4.8593178e-06
  -5.0548081e-06
  -5.2714641e-06
  -5.5074022e-06
  -5.7604643e-06
  -6.0282343e-06
  -6.3080595e-06
  -6.5970790e-06
  -6.8922632e-06
  -7.1904652e-06
  -7.4884848e-06
  -7.7831411e-06
  -8.0713503e-06
  -8.3502022e-06
  -8.6170304e-06
  -8.8694717e-06
  -9.1055122e-06
  -9.3235192e-06
  -9.5222616e-06
  -9.7009175e-06
  -9.8590711e-06
  -9.9966974e-06
  -1.0114133e-05
  -1.0212031e-05
  -1.0291293e-05
  -1.0352990e-05
  -1.0398267e-05
  -1.0428238e-05
  -1.0443893e-05
  -1.0446010e-05
  -1.0435088e-05
  -1.0411311e-05
  -1.0374544e-05
  -1.0324359e-05
  -1.0260088e-05
  -1.0180897e-05
  -1.0085867e-05
  -9.9740785e-06
  -9.8446779e-06
  -9.6969338e-06
  -9.5302657e-06
  -9.3442531e-06
  -9.1386272e-06
  -8.9132509e-06
  -8.6680925e-06
  -8.4031993e-06
  -8.1186811e-06
  -7.8147059e-06
  -7.4915080e-06
  -7.1494104e-06
  -6.7888589e-06
  -6.4104677e-06
  -6.0150733e-06
  -5.6037946e-06
  -5.1780955e-06
  -4.7398453e-06
  -4.2913736e-06
  -3.8355130e-06
  -3.3756222e-06
  -2.9155817e-06
  -2.4597563e-06
  -2.0129218e-06
  -1.5801537e-06
  -1.1666814e-06
  -7.7771768e-07
  -4.1826999e-07
  -9.2947048e-08
   1.9422873e-07
   4.3999196e-07
   6.4198021e-07
   7.9884838e-07
   9.1034645e-07
   9.7735962e-07
   1.0019102e-06
   9.8712237e-07
   9.3715128e-07
   8.5708015e-07
   7.5278957e-07
   6.3080311e-07
   4.9811465e-07
   3.6200291e-07
   2.2983778e-07
   1.0888432e-07
   6.1114585e-09
  -7.1988981e-08
  -1.1956802e-07
  -1.3156665e-07
  -1.0384126e-07
  -3.3266807e-08
   8.2182527e-08
   2.4337748e-07
   4.5000333e-07
   7.0055668e-07
   9.9237198e-07
   1.3216790e-06
   1.6836908e-06
   2.0727204e-06
   2.4823235e-06
   2.9054629e-06
   3.3346922e-06
   3.7623511e-06
   4.1807673e-06
   4.5824590e-06
   4.9603292e-06
   5.3078448e-06
   5.6191947e-06
   5.8894161e-06
   6.1144856e-06
   6.2913700e-06
   6.4180360e-06
   6.4934225e-06
   6.5173825e-06
   6.4906002e-06
   6.4144937e-06
   6.2911107e-06
   6.1230231e-06
   5.9132284e-06
   5.6650586e-06
   5.3821037e-06
   5.0681494e-06
   4.7271301e-06
   4.3630965e-06
   3.9801951e-06
   3.5826551e-06
   3.1747795e-06
   2.7609347e-06
   2.3455386e-06
   1.9330404e-06
   1.5278907e-06
   1.1345012e-06
   7.5719241e-07
   4.0013358e-07
   6.7274345e-08
  -2.3772461e-07
  -5.1155667e-07
  -7.5132604e-07
  -9.5459245e-07
  -1.1194005e-06
  -1.2442901e-06
  -1.3282871e-06
  -1.3708761e-06
  -1.3719563e-06
  -1.3317854e-06
  -1.2509154e-06
  -1.1301222e-06
  -9.7033488e-07
