   9.9875727e-03
   9.9750556e-03
   9.9376252e-03
   9.8756415e-03
   9.7896949e-03
   9.6805920e-03
   9.5493370e-03
   9.3971099e-03
   9.2252421e-03
   9.0351906e-03
   8.8285124e-03
   8.6068381e-03
   8.3718476e-03
   8.1252462e-03
   7.8687436e-03
   7.6040339e-03
   7.3327785e-03
   7.0565906e-03
   6.7770225e-03
   6.4955545e-03
   6.2135860e-03
   5.9324284e-03
   5.6533003e-03
   5.3773229e-03
   5.1055187e-03
   4.8388099e-03
   4.5780188e-03
   4.3238691e-03
   4.0769879e-03
   3.8379088e-03
   3.6070753e-03
   3.3848447e-03
   3.1714932e-03
   2.9672205e-03
   2.7721549e-03
   2.5863591e-03
   2.4098354e-03
   2.2425314e-03
   2.0843454e-03
   1.9351323e-03
   1.7947084e-03
   1.6628568e-03
   1.5393328e-03
   1.4238677e-03
   1.3161742e-03
   1.2159500e-03
   1.1228815e-03
   1.0366479e-03
   9.5692394e-04
   8.8338270e-04
   8.1569843e-04
   7.5354856e-04
   6.9661569e-04
   6.4458916e-04
   5.9716643e-04
   5.5405418e-04
   5.1496914e-04
   4.7963879e-04
   4.4780177e-04
   4.1920819e-04
   3.9361976e-04
   3.7080982e-04
   3.5056320e-04
   3.3267607e-04
   3.1695565e-04
   3.0321989e-04
   2.9129709e-04
   2.8102553e-04
   2.7225302e-04
   2.6483647e-04
   2.5864148e-04
   2.5354190e-04
   2.4941941e-04
   2.4616312e-04
   2.4366918e-04
   2.4184046e-04
   2.4058613e-04
   2.3982143e-04
   2.3946732e-04
   2.3945023e-04
   2.3970181e-04
   2.4015870e-04
   2.4076230e-04
   2.4145863e-04
   2.4219807e-04
   2.4293526e-04
   2.4362891e-04
   2.4424168e-04
   2.4474000e-04
   2.4509395e-04
   2.4527713e-04
   2.4526653e-04
   2.4504239e-04
   2.4458806e-04
   2.4388987e-04
   2.4293698e-04
   2.4172128e-04
   2.4023718e-04
   2.3848151e-04
   2.3645334e-04
   2.3415386e-04
   2.3158620e-04
   2.2875525e-04
   2.2566757e-04
   2.2233117e-04
   2.1875541e-04
   2.1495080e-04
   2.1092886e-04
   2.0670200e-04
   2.0228336e-04
   1.9768666e-04
   1.9292611e-04
   1.8801622e-04
   1.8297173e-04
   1.7780748e-04
   1.7253830e-04
   1.6717894e-04
   1.6174393e-04
   1.5624755e-04
   1.5070373e-04
   1.4512599e-04
   1.3952738e-04
   1.3392047e-04
   1.2831724e-04
   1.2272910e-04
   1.1716688e-04
   1.1164074e-04
   1.0616021e-04
   1.0073418e-04
   9.5370864e-05
   9.0077841e-05
   8.4862025e-05
   7.9729691e-05
   7.4686479e-05
   6.9737415e-05
   6.4886926e-05
   6.0138854e-05
   5.5496486e-05
   5.0962573e-05
   4.6539355e-05
   4.2228586e-05
   3.8031564e-05
   3.3949154e-05
   2.9981815e-05
   2.6129629e-05
   2.2392326e-05
   1.8769310e-05
   1.5259683e-05
   1.1862275e-05
   8.5756625e-06
   5.3981974e-06
   2.3280275e-06
  -6.3687844e-07
  -3.4987095e-06
  -6.2597899e-06
  -8.9225590e-06
  -1.1489550e-05
  -1.3963374e-05
  -1.6346697e-05
  -1.8642228e-05
  -2.0852704e-05
  -2.2980871e-05
  -2.5029480e-05
  -2.7001268e-05
  -2.8898954e-05
  -3.0725231e-05
  -3.2482759e-05
  -3.4174162e-05
  -3.5802020e-05
  -3.7368876e-05
  -3.8877227e-05
  -4.0329525e-05
  -4.1728180e-05
  -4.3075557e-05
  -4.4373977e-05
  -4.5625717e-05
  -4.6833009e-05
  -4.7998037e-05
  -4.9122940e-05
  -5.0209804e-05
  -5.1260665e-05
  -5.2277505e-05
  -5.3262248e-05
  -5.4216759e-05
  -5.5142841e-05
  -5.6042233e-05
  -5.6916610e-05
  -5.7767577e-05
  -5.8596675e-05
  -5.9405371e-05
  -6.0195066e-05
  -6.0967088e-05
  -6.1722696e-05
  -6.2463078e-05
  -6.3189354e-05
  -6.3902575e-05
  -6.4603721e-05
  -6.5293709e-05
  -6.5973388e-05
  -6.6643545e-05
  -6.7304905e-05
  -6.7958131e-05
  -6.8603830e-05
  -6.9242549e-05
  -6.9874784e-05
  -7.0500975e-05
  -7.1121511e-05
  -7.1736729e-05
  -7.2346916e-05
  -7.2952313e-05
  -7.3553109e-05
  -7.4149447e-05
  -7.4741420e-05
  -7.5329076e-05
  -7.5912411e-05
  -7.6491375e-05
  -7.7065872e-05
  -7.7635754e-05
  -7.8200830e-05
  -7.8760864e-05
  -7.9315575e-05
  -7.9864645e-05
  -8.0407717e-05
  -8.0944400e-05
  -8.1474275e-05
  -8.1996895e-05
  -8.2511790e-05
  -8.3018473e-05
  -8.3516439e-05
  -8.4005170e-05
  -8.4484139e-05
  -8.4952813e-05
  -8.5410652e-05
  -8.5857115e-05
  -8.6291663e-05
  -8.6713759e-05
  -8.7122875e-05
  -8.7518491e-05
  -8.7900102e-05
  -8.8267221e-05
  -8.8619381e-05
  -8.8956141e-05
  -8.9277090e-05
  -8.9581852e-05
  -8.9870088e-05
  -9.0141504e-05
  -9.0395854e-05
  -9.0632943e-05
  -9.0852632e-05
  -9.1054840e-05
  -9.1239549e-05
  -9.1406801e-05
  -9.1556703e-05
  -9.1689424e-05
  -9.1805195e-05
  -9.1904305e-05
  -9.1987097e-05
  -9.2053967e-05
  -9.2105357e-05
  -9.2141749e-05
  -9.2163663e-05
  -9.2171647e-05
  -9.2166276e-05
  -9.2148144e-05
  -9.2117857e-05
  -9.2076033e-05
  -9.2023293e-05
  -9.1960256e-05
  -9.1887539e-05
  -9.1805748e-05
  -9.1715477e-05
  -9.1617304e-05
  -9.1511789e-05
  -9.1399470e-05
  -9.1280863e-05
  -9.1156458e-05
  -9.1026718e-05
  -9.0892080e-05
  -9.0752947e-05
  -9.0609695e-05
  -9.0462666e-05
  -9.0312168e-05
  -9.0158474e-05
  -9.0001826e-05
  -8.9842427e-05
  -8.9680447e-05
  -8.9516024e-05
  -8.9349259e-05
  -8.9180227e-05
  -8.9008969e-05
  -8.8835503e-05
  -8.8659822e-05
  -8.8481897e-05
  -8.8301684e-05
  -8.8119124e-05
  -8.7934150e-05
  -8.7746692e-05
  -8.7556678e-05
  -8.7364040e-05
  -8.7168718e-05
  -8.6970663e-05
  -8.6769842e-05
  -8.6566234e-05
  -8.6359836e-05
  -8.6150663e-05
  -8.5938745e-05
  -8.5724125e-05
  -8.5506862e-05
  -8.5287023e-05
  -8.5064681e-05
  -8.4839916e-05
  -8.4612805e-05
  -8.4383427e-05
  -8.4151851e-05
  -8.3918140e-05
  -8.3682347e-05
  -8.3444510e-05
  -8.3204653e-05
  -8.2962785e-05
  -8.2718898e-05
  -8.2472968e-05
  -8.2224955e-05
  -8.1974806e-05
  -8.1722453e-05
  -8.1467822e-05
  -8.1210827e-05
  -8.0951381e-05
  -8.0689394e-05
  -8.0424780e-05
  -8.0157458e-05
  -7.9887360e-05
  -7.9614427e-05
  -7.9338622e-05
  -7.9059925e-05
  -7.8778340e-05
  -7.8493896e-05
  -7.8206646e-05
  -7.7916674e-05
  -7.7624085e-05
  -7.7329015e-05
  -7.7031621e-05
  -7.6732084e-05
  -7.6430606e-05
  -7.6127406e-05
  -7.5822719e-05
  -7.5516793e-05
  -7.5209887e-05
  -7.4902267e-05
  -7.4594204e-05
  -7.4285972e-05
  -7.3977843e-05
  -7.3670091e-05
  -7.3362980e-05
  -7.3056769e-05
  -7.2751709e-05
  -7.2448038e-05
  -7.2145980e-05
  -7.1845746e-05
  -7.1547528e-05
  -7.1251500e-05
  -7.0957817e-05
  -7.0666609e-05
  -7.0377985e-05
  -7.0092027e-05
  -6.9808790e-05
  -6.9528302e-05
  -6.9250562e-05
  -6.8975536e-05
  -6.8703162e-05
  -6.8433348e-05
  -6.8165969e-05
  -6.7900876e-05
  -6.7637890e-05
  -6.7376808e-05
  -6.7117404e-05
  -6.6859435e-05
  -6.6602642e-05
  -6.6346755e-05
  -6.6091494e-05
  -6.5836578e-05
  -6.5581725e-05
  -6.5326659e-05
  -6.5071114e-05
  -6.4814835e-05
  -6.4557585e-05
  -6.4299147e-05
  -6.4039327e-05
  -6.3777958e-05
  -6.3514900e-05
  -6.3250043e-05
  -6.2983308e-05
  -6.2714647e-05
  -6.2444043e-05
  -6.2171513e-05
  -6.1897102e-05
  -6.1620886e-05
  -6.1342968e-05
  -6.1063477e-05
  -6.0782567e-05
  -6.0500410e-05
  -6.0217197e-05
  -5.9933134e-05
  -5.9648434e-05
  -5.9363320e-05
  -5.9078014e-05
  -5.8792736e-05
  -5.8507700e-05
  -5.8223111e-05
  -5.7939158e-05
  -5.7656014e-05
  -5.7373831e-05
  -5.7092740e-05
  -5.6812847e-05
  -5.6534233e-05
  -5.6256952e-05
  -5.5981034e-05
  -5.5706482e-05
  -5.5433273e-05
  -5.5161363e-05
  -5.4890687e-05
  -5.4621158e-05
  -5.4352678e-05
  -5.4085133e-05
  -5.3818403e-05
  -5.3552359e-05
  -5.3286874e-05
  -5.3021819e-05
  -5.2757070e-05
  -5.2492510e-05
  -5.2228026e-05
  -5.1963517e-05
  -5.1698890e-05
  -5.1434062e-05
  -5.1168960e-05
  -5.0903518e-05
  -5.0637683e-05
  -5.0371405e-05
  -5.0104647e-05
  -4.9837376e-05
  -4.9569567e-05
  -4.9301202e-05
  -4.9032268e-05
  -4.8762756e-05
  -4.8492663e-05
  -4.8221988e-05
  -4.7950731e-05
  -4.7678895e-05
  -4.7406478e-05
  -4.7133482e-05
  -4.6859901e-05
  -4.6585731e-05
  -4.6310962e-05
  -4.6035582e-05
  -4.5759576e-05
  -4.5482929e-05
  -4.5205625e-05
  -4.4927651e-05
  -4.4648998e-05
  -4.4369661e-05
  -4.4089648e-05
  -4.3808974e-05
  -4.3527669e-05
  -4.3245779e-05
  -4.2963366e-05
  -4.2680508e-05
  -4.2397303e-05
  -4.2113864e-05
  -4.1830319e-05
  -4.1546813e-05
  -4.1263500e-05
  -4.0980545e-05
  -4.0698118e-05
  -4.0416393e-05
  -4.0135541e-05
  -3.9855731e-05
  -3.9577123e-05
  -3.9299867e-05
  -3.9024100e-05
  -3.8749943e-05
  -3.8477500e-05
  -3.8206857e-05
  -3.7938081e-05
  -3.7671220e-05
  -3.7406306e-05
  -3.7143351e-05
  -3.6882353e-05
  -3.6623299e-05
  -3.6366161e-05
  -3.6110905e-05
  -3.5857490e-05
  -3.5605875e-05
  -3.5356016e-05
  -3.5107875e-05
  -3.4861420e-05
  -3.4616629e-05
  -3.4373492e-05
  -3.4132013e-05
  -3.3892214e-05
  -3.3654131e-05
  -3.3417818e-05
  -3.3183342e-05
  -3.2950787e-05
  -3.2720247e-05
  -3.2491825e-05
  -3.2265634e-05
  -3.2041789e-05
  -3.1820407e-05
  -3.1601608e-05
  -3.1385505e-05
  -3.1172212e-05
  -3.0961834e-05
  -3.0754471e-05
  -3.0550215e-05
  -3.0349150e-05
  -3.0151351e-05
  -2.9956885e-05
  -2.9765808e-05
  -2.9578172e-05
  -2.9394017e-05
  -2.9213378e-05
  -2.9036280e-05
  -2.8862744e-05
  -2.8692782e-05
  -2.8526399e-05
  -2.8363590e-05
  -2.8204344e-05
  -2.8048639e-05
  -2.7896441e-05
  -2.7747706e-05
  -2.7602376e-05
  -2.7460383e-05
  -2.7321642e-05
  -2.7186060e-05
  -2.7053529e-05
  -2.6923930e-05
  -2.6797138e-05
  -2.6673020e-05
  -2.6551437e-05
  -2.6432252e-05
  -2.6315328e-05
  -2.6200533e-05
  -2.6087744e-05
  -2.5976849e-05
  -2.5867749e-05
  -2.5760363e-05
  -2.5654626e-05
  -2.5550494e-05
  -2.5447940e-05
  -2.5346959e-05
  -2.5247563e-05
  -2.5149780e-05
  -2.5053654e-05
  -2.4959238e-05
  -2.4866596e-05
  -2.4775795e-05
  -2.4686903e-05
  -2.4599986e-05
  -2.4515107e-05
  -2.4432320e-05
  -2.4351668e-05
  -2.4273185e-05
  -2.4196893e-05
  -2.4122801e-05
  -2.4050909e-05
  -2.3981208e-05
  -2.3913680e-05
  -2.3848304e-05
  -2.3785059e-05
  -2.3723924e-05
  -2.3664887e-05
  -2.3607943e-05
  -2.3553101e-05
  -2.3500385e-05
  -2.3449837e-05
  -2.3401517e-05
  -2.3355503e-05
  -2.3311896e-05
  -2.3270811e-05
  -2.3232381e-05
  -2.3196752e-05
  -2.3164079e-05
  -2.3134524e-05
  -2.3108251e-05
  -2.3085421e-05
  -2.3066188e-05
  -2.3050695e-05
  -2.3039067e-05
  -2.3031412e-05
  -2.3027813e-05
  -2.3028328e-05
  -2.3032985e-05
  -2.3041785e-05
  -2.3054699e-05
  -2.3071670e-05
  -2.3092613e-05
  -2.3117415e-05
  -2.3145943e-05
  -2.3178037e-05
  -2.3213521e-05
  -2.3252201e-05
  -2.3293867e-05
  -2.3338295e-05
  -2.3385251e-05
  -2.3434490e-05
  -2.3485760e-05
  -2.3538801e-05
  -2.3593348e-05
  -2.3649130e-05
  -2.3705871e-05
  -2.3763291e-05
  -2.3821105e-05
  -2.3879023e-05
  -2.3936750e-05
  -2.3993982e-05
  -2.4050413e-05
  -2.4105728e-05
  -2.4159607e-05
  -2.4211726e-05
  -2.4261757e-05
  -2.4309370e-05
  -2.4354238e-05
  -2.4396039e-05
  -2.4434455e-05
  -2.4469184e-05
  -2.4499937e-05
  -2.4526444e-05
  -2.4548460e-05
  -2.4565762e-05
  -2.4578160e-05
  -2.4585495e-05
  -2.4587643e-05
  -2.4584514e-05
  -2.4576061e-05
  -2.4562271e-05
  -2.4543175e-05
  -2.4518840e-05
  -2.4489376e-05
  -2.4454925e-05
  -2.4415669e-05
  -2.4371820e-05
  -2.4323618e-05
  -2.4271328e-05
  -2.4215235e-05
  -2.4155637e-05
  -2.4092843e-05
  -2.4027163e-05
  -2.3958905e-05
  -2.3888371e-05
  -2.3815851e-05
  -2.3741615e-05
  -2.3665918e-05
  -2.3588988e-05
  -2.3511032e-05
  -2.3432231e-05
  -2.3352738e-05
  -2.3272685e-05
  -2.3192176e-05
  -2.3111297e-05
  -2.3030112e-05
  -2.2948669e-05
  -2.2867004e-05
  -2.2785142e-05
  -2.2703101e-05
  -2.2620897e-05
  -2.2538545e-05
  -2.2456063e-05
  -2.2373472e-05
  -2.2290801e-05
  -2.2208086e-05
  -2.2125371e-05
  -2.2042706e-05
  -2.1960148e-05
  -2.1877760e-05
  -2.1795606e-05
  -2.1713753e-05
  -2.1632263e-05
  -2.1551194e-05
  -2.1470598e-05
  -2.1390515e-05
  -2.1310970e-05
  -2.1231977e-05
  -2.1153527e-05
  -2.1075598e-05
  -2.0998143e-05
  -2.0921095e-05
  -2.0844368e-05
  -2.0767854e-05
  -2.0691424e-05
  -2.0614934e-05
  -2.0538222e-05
  -2.0461110e-05
  -2.0383415e-05
  -2.0304941e-05
  -2.0225491e-05
  -2.0144869e-05
  -2.0062880e-05
  -1.9979340e-05
  -1.9894073e-05
  -1.9806922e-05
  -1.9717746e-05
  -1.9626425e-05
  -1.9532865e-05
  -1.9436996e-05
  -1.9338775e-05
  -1.9238187e-05
  -1.9135244e-05
  -1.9029985e-05
  -1.8922475e-05
  -1.8812797e-05
  -1.8701058e-05
  -1.8587379e-05
  -1.8471895e-05
  -1.8354747e-05
  -1.8236086e-05
  -1.8116063e-05
  -1.7994831e-05
  -1.7872539e-05
  -1.7749335e-05
  -1.7625359e-05
  -1.7500747e-05
  -1.7375631e-05
  -1.7250136e-05
  -1.7124383e-05
  -1.6998489e-05
  -1.6872568e-05
  -1.6746733e-05
  -1.6621092e-05
  -1.6495754e-05
  -1.6370824e-05
  -1.6246410e-05
  -1.6122613e-05
  -1.5999536e-05
  -1.5877279e-05
  -1.5755940e-05
  -1.5635613e-05
  -1.5516391e-05
  -1.5398362e-05
  -1.5281609e-05
  -1.5166211e-05
  -1.5052241e-05
  -1.4939766e-05
  -1.4828845e-05
  -1.4719533e-05
  -1.4611877e-05
  -1.4505919e-05
  -1.4401698e-05
  -1.4299248e-05
  -1.4198601e-05
  -1.4099787e-05
  -1.4002837e-05
  -1.3907784e-05
  -1.3814659e-05
  -1.3723496e-05
  -1.3634330e-05
  -1.3547193e-05
  -1.3462115e-05
  -1.3379121e-05
  -1.3298229e-05
  -1.3219443e-05
  -1.3142758e-05
  -1.3068149e-05
  -1.2995572e-05
  -1.2924965e-05
  -1.2856241e-05
  -1.2789289e-05
  -1.2723978e-05
  -1.2660152e-05
  -1.2597635e-05
  -1.2536232e-05
  -1.2475732e-05
  -1.2415911e-05
  -1.2356535e-05
  -1.2297365e-05
  -1.2238162e-05
  -1.2178688e-05
  -1.2118715e-05
  -1.2058024e-05
  -1.1996414e-05
  -1.1933699e-05
  -1.1869716e-05
  -1.1804323e-05
  -1.1737402e-05
  -1.1668861e-05
  -1.1598629e-05
  -1.1526660e-05
  -1.1452928e-05
  -1.1377428e-05
  -1.1300173e-05
  -1.1221190e-05
  -1.1140515e-05
  -1.1058195e-05
  -1.0974277e-05
  -1.0888809e-05
  -1.0801833e-05
  -1.0713384e-05
  -1.0623482e-05
  -1.0532132e-05
  -1.0439320e-05
  -1.0345011e-05
  -1.0249148e-05
  -1.0151650e-05
  -1.0052413e-05
  -9.9513092e-06
  -9.8481920e-06
  -9.7428961e-06
  -9.6352419e-06
  -9.5250389e-06
  -9.4120906e-06
  -9.2961991e-06
  -9.1771704e-06
  -9.0548192e-06
  -8.9289742e-06
  -8.7994828e-06
  -8.6662159e-06
  -8.5290718e-06
  -8.3879797e-06
  -8.2429032e-06
  -8.0938426e-06
  -7.9408370e-06
  -7.7839660e-06
  -7.6233505e-06
  -7.4591539e-06
  -7.2915816e-06
  -7.1208814e-06
  -6.9473427e-06
  -6.7712953e-06
  -6.5931080e-06
  -6.4131870e-06
  -6.2319735e-06
  -6.0499412e-06
  -5.8675936e-06
  -5.6854609e-06
  -5.5040965e-06
  -5.3240736e-06
  -5.1459811e-06
  -4.9704196e-06
  -4.7979970e-06
  -4.6293238e-06
  -4.4650084e-06
  -4.3056523e-06
  -4.1518450e-06
  -4.0041590e-06
  -3.8631448e-06
  -3.7293263e-06
  -3.6031964e-06
  -3.4852125e-06
  -3.3757931e-06
  -3.2753148e-06
  -3.1841090e-06
  -3.1024602e-06
  -3.0306040e-06
  -2.9687260e-06
  -2.9169609e-06
  -2.8753919e-06
  -2.8440506e-06
  -2.8229168e-06
  -2.8119187e-06
  -2.8109329e-06
  -2.8197853e-06
  -2.8382513e-06
  -2.8660568e-06
  -2.9028792e-06
  -2.9483488e-06
  -3.0020501e-06
  -3.0635239e-06
  -3.1322687e-06
  -3.2077433e-06
  -3.2893688e-06
  -3.3765312e-06
  -3.4685843e-06
  -3.5648523e-06
  -3.6646341e-06
  -3.7672064e-06
  -3.8718287e-06
  -3.9777481e-06
  -4.0842055e-06
  -4.1904414e-06
  -4.2957035e-06
  -4.3992538e-06
  -4.5003767e-06
  -4.5983861e-06
  -4.6926337e-06
  -4.7825153e-06
  -4.8674774e-06
  -4.9470224e-06
  -5.0207133e-06
  -5.0881770e-06
  -5.1491069e-06
  -5.2032641e-06
  -5.2504778e-06
  -5.2906456e-06
  -5.3237312e-06
  -5.3497632e-06
  -5.3688314e-06
  -5.3810839e-06
  -5.3867222e-06
  -5.3859964e-06
  -5.3792001e-06
  -5.3666647e-06
  -5.3487535e-06
  -5.3258563e-06
  -5.2983832e-06
  -5.2667598e-06
  -5.2314218e-06
  -5.1928105e-06
  -5.1513680e-06
  -5.1075337e-06
  -5.0617404e-06
  -5.0144113e-06
  -4.9659567e-06
  -4.9167719e-06
  -4.8672344e-06
  -4.8177026e-06
  -4.7685134e-06
  -4.7199815e-06
  -4.6723977e-06
  -4.6260284e-06
  -4.5811144e-06
  -4.5378703e-06
  -4.4964839e-06
  -4.4571156e-06
  -4.4198978e-06
  -4.3849338e-06
  -4.3522977e-06
  -4.3220333e-06
  -4.2941531e-06
  -4.2686380e-06
  -4.2454363e-06
  -4.2244628e-06
  -4.2055990e-06
  -4.1886925e-06
  -4.1735573e-06
  -4.1599746e-06
  -4.1476939e-06
  -4.1364354e-06
  -4.1258924e-06
  -4.1157352e-06
  -4.1056153e-06
  -4.0951703e-06
  -4.0840306e-06
  -4.0718250e-06
  -4.0581878e-06
  -4.0427661e-06
  -4.0252266e-06
  -4.0052622e-06
  -3.9825979e-06
  -3.9569970e-06
  -3.9282647e-06
  -3.8962522e-06
  -3.8608586e-06
  -3.8220321e-06
  -3.7797704e-06
  -3.7341188e-06
  -3.6851683e-06
  -3.6330524e-06
  -3.5779430e-06
  -3.5200455e-06
  -3.4595934e-06
  -3.3968428e-06
  -3.3320666e-06
  -3.2655482e-06
  -3.1975761e-06
  -3.1284386e-06
  -3.0584186e-06
  -2.9877897e-06
  -2.9168125e-06
  -2.8457320e-06
  -2.7747758e-06
  -2.7041532e-06
  -2.6340541e-06
  -2.5646501e-06
  -2.4960940e-06
  -2.4285212e-06
  -2.3620506e-06
  -2.2967846e-06
  -2.2328107e-06
  -2.1702012e-06
  -2.1090138e-06
  -2.0492919e-06
  -1.9910637e-06
  -1.9343428e-06
  -1.8791276e-06
  -1.8254014e-06
  -1.7731318e-06
  -1.7222715e-06
  -1.6727576e-06
  -1.6245126e-06
  -1.5774446e-06
  -1.5314476e-06
  -1.4864029e-06
  -1.4421797e-06
  -1.3986361e-06
  -1.3556217e-06
  -1.3129788e-06
  -1.2705456e-06
  -1.2281591e-06
  -1.1856591e-06
  -1.1428921e-06
  -1.0997158e-06
  -1.0560041e-06
  -1.0116518e-06
  -9.6657930e-07
  -9.2073703e-07
  -8.7410936e-07
  -8.2671784e-07
  -7.7862344e-07
  -7.2992787e-07
  -6.8077364e-07
  -6.3134304e-07
  -5.8185588e-07
  -5.3256608e-07
  -4.8375737e-07
  -4.3573795e-07
  -3.8883448e-07
  -3.4338559e-07
  -2.9973495e-07
  -2.5822438e-07
  -2.1918697e-07
  -1.8294072e-07
  -1.4978267e-07
  -1.1998382e-07
  -9.3784808e-08
  -7.1392590e-08
  -5.2977925e-08
  -3.8673791e-08
  -2.8574608e-08
  -2.2736184e-08
  -2.1176307e-08
  -2.3875859e-08
  -3.0780368e-08
  -4.1801890e-08
  -5.6821118e-08
  -7.5689651e-08
  -9.8232364e-08
  -1.2424980e-07
  -1.5352059e-07
  -1.8580378e-07
  -2.2084122e-07
  -2.5835975e-07
  -2.9807341e-07
  -3.3968550e-07
  -3.8289064e-07
  -4.2737660e-07
  -4.7282625e-07
  -5.1891925e-07
  -5.6533378e-07
  -6.1174820e-07
  -6.5784261e-07
  -7.0330030e-07
  -7.4780917e-07
  -7.9106303e-07
  -8.3276280e-07
  -8.7261761e-07
  -9.1034570e-07
  -9.4567519e-07
  -9.7834469e-07
  -1.0081038e-06
  -1.0347133e-06
  -1.0579457e-06
  -1.0775853e-06
  -1.0934288e-06
  -1.1052860e-06
  -1.1129805e-06
  -1.1163510e-06
  -1.1152527e-06
  -1.1095592e-06
  -1.0991642e-06
  -1.0839837e-06
  -1.0639583e-06
  -1.0390553e-06
  -1.0092708e-06
  -9.7463186e-07
  -9.3519798e-07
  -8.9106270e-07
  -8.4235433e-07
  -7.8923631e-07
  -7.3190692e-07
  -6.7059830e-07
  -6.0557482e-07
  -5.3713080e-07
  -4.6558768e-07
  -3.9129058e-07
  -3.1460454e-07
  -2.3591041e-07
  -1.5560043e-07
  -7.4073718e-08
   8.2682408e-09
   9.1026195e-08
   1.7380752e-07
   2.5623050e-07
   3.3792828e-07
   4.1855257e-07
   4.9777684e-07
   5.7529909e-07
   6.5084413e-07
   7.2416528e-07
   7.9504557e-07
   8.6329845e-07
   9.2876794e-07
   9.9132833e-07
   1.0508834e-06
   1.1073650e-06
   1.1607318e-06
   1.2109670e-06
   1.2580760e-06
   1.3020844e-06
   1.3430350e-06
   1.3809863e-06
   1.4160091e-06
   1.4481859e-06
   1.4776081e-06
   1.5043752e-06
   1.5285934e-06
   1.5503749e-06
   1.5698367e-06
   1.5871000e-06
   1.6022891e-06
   1.6155310e-06
   1.6269542e-06
   1.6366880e-06
   1.6448611e-06
   1.6516011e-06
   1.6570329e-06
   1.6612784e-06
   1.6644547e-06
   1.6666737e-06
   1.6680411e-06
   1.6686558e-06
   1.6686086e-06
   1.6679823e-06
   1.6668506e-06
   1.6652778e-06
   1.6633183e-06
   1.6610168e-06
   1.6584075e-06
   1.6555150e-06
   1.6523539e-06
   1.6489296e-06
   1.6452387e-06
   1.6412700e-06
   1.6370047e-06
   1.6324170e-06
   1.6274746e-06
   1.6221390e-06
   1.6163651e-06
   1.6101014e-06
   1.6032898e-06
   1.5958655e-06
   1.5877573e-06
   1.5788881e-06
   1.5691762e-06
   1.5585365e-06
   1.5468829e-06
   1.5341308e-06
   1.5202002e-06
   1.5050193e-06
   1.4885275e-06
   1.4706797e-06
   1.4514490e-06
   1.4308305e-06
   1.4088439e-06
   1.3855365e-06
   1.3609845e-06
   1.3352955e-06
   1.3086086e-06
   1.2810947e-06
   1.2529562e-06
   1.2244253e-06
   1.1957616e-06
   1.1672490e-06
   1.1391919e-06
   1.1119105e-06
   1.0857356e-06
   1.0610032e-06
   1.0380488e-06
   1.0172013e-06
   9.9877768e-07
   9.8307712e-07
   9.7037569e-07
   9.6092159e-07
   9.5493076e-07
   9.5258308e-07
   9.5401935e-07
   9.5933893e-07
   9.6859810e-07
   9.8180924e-07
   9.9894056e-07
   1.0199166e-06
   1.0446189e-06
   1.0728880e-06
   1.1045243e-06
   1.1392912e-06
   1.1769169e-06
   1.2170975e-06
   1.2594997e-06
   1.3037644e-06
   1.3495098e-06
   1.3963346e-06
   1.4438219e-06
   1.4915423e-06
   1.5390576e-06
   1.5859243e-06
   1.6316974e-06
   1.6759333e-06
   1.7181939e-06
   1.7580498e-06
   1.7950835e-06
   1.8288927e-06
   1.8590935e-06
   1.8853229e-06
   1.9072415e-06
   1.9245360e-06
   1.9369212e-06
   1.9441422e-06
   1.9459760e-06
   1.9422337e-06
   1.9327623e-06
   1.9174464e-06
   1.8962104e-06
   1.8690200e-06
   1.8358839e-06
   1.7968553e-06
   1.7520332e-06
   1.7015626e-06
   1.6456354e-06
   1.5844901e-06
   1.5184110e-06
   1.4477270e-06
   1.3728094e-06
   1.2940698e-06
   1.2119561e-06
   1.1269493e-06
   1.0395589e-06
   9.5031855e-07
   8.5978046e-07
   7.6851051e-07
   6.7708248e-07
   5.8607235e-07
   4.9605243e-07
   4.0758551e-07
   3.2121903e-07
   2.3747938e-07
   1.5686644e-07
   7.9848367e-08
   6.8569242e-09
  -6.1716837e-08
  -1.2552623e-07
  -1.8427201e-07
  -2.3770472e-07
  -2.8562644e-07
  -3.2789176e-07
  -3.6440811e-07
  -3.9513537e-07
  -4.2008491e-07
  -4.3931800e-07
  -4.5294371e-07
  -4.6111641e-07
  -4.6403292e-07
  -4.6192942e-07
  -4.5507810e-07
  -4.4378370e-07
  -4.2837992e-07
  -4.0922580e-07
  -3.8670202e-07
  -3.6120729e-07
  -3.3315469e-07
  -3.0296806e-07
  -2.7107835e-07
  -2.3791994e-07
  -2.0392687e-07
  -1.6952888e-07
  -1.3514733e-07
  -1.0119099e-07
  -6.8051684e-08
  -3.6099907e-08
  -5.6804954e-09
   2.2891527e-08
   4.9334775e-08
   7.3404867e-08
   9.4897188e-08
   1.1364894e-07
   1.2954038e-07
   1.4249523e-07
   1.5248018e-07
   1.5950370e-07
   1.6361403e-07
   1.6489665e-07
   1.6347127e-07
   1.5948848e-07
   1.5312624e-07
   1.4458625e-07
   1.3409034e-07
   1.2187708e-07
   1.0819839e-07
   9.3316477e-08
   7.7500957e-08
   6.1026066e-08
   4.4168028e-08
   2.7202392e-08
   1.0401296e-08
  -5.9694117e-09
  -2.1653229e-08
  -3.6406250e-08
  -5.0000580e-08
  -6.2227829e-08
  -7.2902603e-08
  -8.1865871e-08
  -8.8988100e-08
  -9.4172034e-08
  -9.7354992e-08
  -9.8510647e-08
  -9.7650198e-08
  -9.4822913e-08
  -9.0116034e-08
  -8.3654026e-08
  -7.5597230e-08
  -6.6139957e-08
  -5.5508076e-08
  -4.3956182e-08
  -3.1764391e-08
  -1.9234827e-08
  -6.6878386e-09
   5.5419716e-09
   1.7109856e-08
   2.7665104e-08
   3.6855229e-08
   4.4330117e-08
   4.9746115e-08
   5.2770028e-08
   5.3083054e-08
   5.0384626e-08
   4.4396181e-08
   3.4864786e-08
   2.1566606e-08
   4.3102028e-09
  -1.7060408e-08
  -4.2662969e-08
  -7.2574553e-08
  -1.0682957e-07
  -1.4541830e-07
  -1.8828596e-07
  -2.3533253e-07
  -2.8641319e-07
  -3.4133956e-07
  -3.9988169e-07
  -4.6177075e-07
  -5.2670238e-07
  -5.9434064e-07
  -6.6432238e-07
  -7.3626195e-07
  -8.0975613e-07
  -8.8438912e-07
  -9.5973757e-07
  -1.0353755e-06
  -1.1108792e-06
  -1.1858316e-06
  -1.2598271e-06
  -1.3324752e-06
  -1.4034052e-06
  -1.4722688e-06
  -1.5387445e-06
  -1.6025398e-06
  -1.6633942e-06
  -1.7210810e-06
  -1.7754095e-06
  -1.8262259e-06
  -1.8734141e-06
  -1.9168964e-06
  -1.9566334e-06
  -1.9926238e-06
  -2.0249035e-06
  -2.0535457e-06
  -2.0786591e-06
  -2.1003873e-06
  -2.1189074e-06
  -2.1344286e-06
  -2.1471901e-06
  -2.1574597e-06
  -2.1655305e-06
  -2.1717193e-06
  -2.1763628e-06
  -2.1798143e-06
  -2.1824400e-06
  -2.1846152e-06
  -2.1867191e-06
  -2.1891308e-06
  -2.1922240e-06
  -2.1963624e-06
  -2.2018943e-06
  -2.2091478e-06
  -2.2184266e-06
  -2.2300051e-06
  -2.2441250e-06
  -2.2609916e-06
  -2.2807708e-06
  -2.3035871e-06
  -2.3295214e-06
  -2.3586100e-06
  -2.3908443e-06
  -2.4261706e-06
  -2.4644917e-06
  -2.5056680e-06
  -2.5495208e-06
  -2.5958346e-06
  -2.6443621e-06
  -2.6948277e-06
  -2.7469332e-06
  -2.8003626e-06
  -2.8547878e-06
  -2.9098742e-06
  -2.9652858e-06
  -3.0206904e-06
  -3.0757640e-06
  -3.1301944e-06
  -3.1836844e-06
  -3.2359536e-06
  -3.2867390e-06
  -3.3357959e-06
  -3.3828961e-06
  -3.4278275e-06
  -3.4703915e-06
  -3.5104016e-06
  -3.5476808e-06
  -3.5820596e-06
  -3.6133746e-06
  -3.6414666e-06
  -3.6661798e-06
  -3.6873611e-06
  -3.7048598e-06
  -3.7185278e-06
  -3.7282206e-06
  -3.7337976e-06
  -3.7351242e-06
  -3.7320728e-06
  -3.7245247e-06
  -3.7123723e-06
  -3.6955206e-06
  -3.6738891e-06
  -3.6474136e-06
  -3.6160474e-06
  -3.5797632e-06
  -3.5385535e-06
  -3.4924313e-06
  -3.4414310e-06
  -3.3856077e-06
  -3.3250376e-06
  -3.2598167e-06
  -3.1900602e-06
  -3.1159014e-06
  -3.0374904e-06
  -2.9549924e-06
  -2.8685863e-06
  -2.7784632e-06
  -2.6848250e-06
  -2.5878828e-06
  -2.4878557e-06
  -2.3849693e-06
  -2.2794552e-06
  -2.1715495e-06
  -2.0614924e-06
  -1.9495280e-06
  -1.8359041e-06
  -1.7208724e-06
  -1.6046889e-06
  -1.4876150e-06
  -1.3699181e-06
  -1.2518731e-06
  -1.1337631e-06
  -1.0158809e-06
  -8.9852996e-07
  -7.8202500e-07
  -6.6669273e-07
  -5.5287173e-07
  -4.4091202e-07
  -3.3117400e-07
  -2.2402679e-07
  -1.1984594e-07
  -1.9010565e-08
   7.8100026e-08
   1.7111015e-07
   2.5965182e-07
   3.4336897e-07
   4.2192165e-07
   4.9499009e-07
   5.6227844e-07
   6.2351810e-07
   6.7847054e-07
   7.2692961e-07
   7.6872316e-07
   8.0371418e-07
   8.3180132e-07
   8.5291894e-07
   8.6703673e-07
   8.7415903e-07
   8.7432391e-07
   8.6760216e-07
   8.5409626e-07
   8.3393937e-07
   8.0729449e-07
   7.7435362e-07
   7.3533707e-07
   6.9049270e-07
   6.4009518e-07
   5.8444520e-07
   5.2386851e-07
   4.5871495e-07
   3.8935725e-07
   3.1618970e-07
   2.3962673e-07
   1.6010136e-07
   7.8063448e-08
  -6.0221054e-09
  -9.1677368e-08
  -1.7841358e-07
  -2.6573361e-07
  -3.5313475e-07
  -4.4011179e-07
  -5.2616050e-07
  -6.1078154e-07
  -6.9348468e-07
  -7.7379342e-07
  -8.5124989e-07
  -9.2542003e-07
  -9.9589882e-07
  -1.0623156e-06
  -1.1243392e-06
  -1.1816829e-06
  -1.2341093e-06
  -1.2814338e-06
  -1.3235287e-06
  -1.3603255e-06
  -1.3918169e-06
  -1.4180576e-06
  -1.4391640e-06
  -1.4553136e-06
  -1.4667420e-06
  -1.4737408e-06
  -1.4766528e-06
  -1.4758674e-06
  -1.4718148e-06
  -1.4649595e-06
  -1.4557940e-06
  -1.4448310e-06
  -1.4325965e-06
  -1.4196227e-06
  -1.4064410e-06
  -1.3935754e-06
  -1.3815364e-06
  -1.3708154e-06
  -1.3618796e-06
  -1.3551678e-06
  -1.3510864e-06
  -1.3500068e-06
  -1.3522624e-06
  -1.3581473e-06
  -1.3679140e-06
  -1.3817728e-06
  -1.3998899e-06
  -1.4223865e-06
  -1.4493375e-06
  -1.4807700e-06
  -1.5166619e-06
  -1.5569410e-06
  -1.6014835e-06
  -1.6501135e-06
  -1.7026034e-06
  -1.7586743e-06
  -1.8179975e-06
  -1.8801971e-06
  -1.9448532e-06
  -2.0115053e-06
  -2.0796574e-06
  -2.1487828e-06
  -2.2183299e-06
  -2.2877277e-06
  -2.3563929e-06
  -2.4237355e-06
  -2.4891664e-06
  -2.5521033e-06
  -2.6119784e-06
  -2.6682443e-06
  -2.7203812e-06
  -2.7679025e-06
  -2.8103607e-06
  -2.8473524e-06
  -2.8785226e-06
  -2.9035687e-06
  -2.9222425e-06
  -2.9343528e-06
  -2.9397662e-06
  -2.9384072e-06
  -2.9302572e-06
  -2.9153537e-06
  -2.8937874e-06
  -2.8656997e-06
  -2.8312795e-06
  -2.7907592e-06
  -2.7444111e-06
  -2.6925425e-06
  -2.6354917e-06
  -2.5736227e-06
  -2.5073207e-06
  -2.4369867e-06
  -2.3630325e-06
  -2.2858759e-06
  -2.2059353e-06
  -2.1236258e-06
  -2.0393543e-06
  -1.9535163e-06
  -1.8664924e-06
  -1.7786459e-06
  -1.6903205e-06
  -1.6018389e-06
  -1.5135020e-06
  -1.4255878e-06
  -1.3383515e-06
  -1.2520249e-06
  -1.1668170e-06
  -1.0829133e-06
  -1.0004773e-06
  -9.1964995e-07
  -8.4055113e-07
  -7.6328015e-07
  -6.8791690e-07
  -6.1452306e-07
  -5.4314352e-07
  -4.7380796e-07
  -4.0653265e-07
  -3.4132228e-07
  -2.7817189e-07
  -2.1706882e-07
  -1.5799463e-07
  -1.0092696e-07
  -4.5841263e-08
   7.2875377e-09
   5.8483728e-08
   1.0776968e-07
   1.5516507e-07
   2.0068651e-07
   2.4434743e-07
   2.8615845e-07
   3.2612796e-07
   3.6426303e-07
   4.0057044e-07
   4.3505781e-07
   4.6773468e-07
   4.9861344e-07
   5.2771012e-07
   5.5504480e-07
   5.8064183e-07
   6.0452973e-07
   6.2674096e-07
   6.4731140e-07
   6.6627990e-07
   6.8368776e-07
   6.9957826e-07
   7.1399640e-07
   7.2698872e-07
   7.3860334e-07
   7.4889014e-07
   7.5790116e-07
   7.6569108e-07
   7.7231786e-07
   7.7784338e-07
   7.8233416e-07
   7.8586203e-07
   7.8850473e-07
   7.9034652e-07
   7.9147855e-07
   7.9199917e-07
   7.9201396e-07
   7.9163549e-07
   7.9098280e-07
   7.9018057e-07
   7.8935790e-07
   7.8864682e-07
   7.8818042e-07
   7.8809075e-07
   7.8850649e-07
   7.8955052e-07
   7.9133743e-07
   7.9397121e-07
   7.9754314e-07
   8.0213013e-07
   8.0779351e-07
   8.1457849e-07
   8.2251430e-07
   8.3161490e-07
   8.4188036e-07
   8.5329875e-07
   8.6584824e-07
   8.7949946e-07
   8.9421777e-07
   9.0996544e-07
   9.2670340e-07
   9.4439270e-07
   9.6299541e-07
   9.8247509e-07
   1.0027967e-06
   1.0239261e-06
   1.0458294e-06
   1.0684718e-06
   1.0918166e-06
   1.1158242e-06
   1.1404512e-06
   1.1656499e-06
   1.1913681e-06
   1.2175489e-06
   1.2441316e-06
   1.2710520e-06
   1.2982437e-06
   1.3256389e-06
   1.3531701e-06
   1.3807707e-06
   1.4083768e-06
   1.4359281e-06
   1.4633690e-06
   1.4906498e-06
   1.5177273e-06
   1.5445654e-06
   1.5711356e-06
   1.5974165e-06
   1.6233940e-06
   1.6490602e-06
   1.6744128e-06
   1.6994536e-06
   1.7241881e-06
   1.7486237e-06
   1.7727696e-06
   1.7966353e-06
   1.8202314e-06
   1.8435688e-06
   1.8666596e-06
   1.8895176e-06
   1.9121598e-06
   1.9346073e-06
   1.9568870e-06
   1.9790334e-06
   2.0010904e-06
   2.0231124e-06
   2.0451663e-06
   2.0673322e-06
   2.0897041e-06
   2.1123902e-06
   2.1355120e-06
   2.1592033e-06
   2.1836086e-06
   2.2088804e-06
   2.2351772e-06
   2.2626601e-06
   2.2914903e-06
   2.3218257e-06
   2.3538185e-06
   2.3876121e-06
   2.4233393e-06
   2.4611193e-06
   2.5010563e-06
   2.5432371e-06
   2.5877294e-06
   2.6345801e-06
   2.6838128e-06
   2.7354263e-06
   2.7893925e-06
   2.8456536e-06
   2.9041205e-06
   2.9646703e-06
   3.0271441e-06
   3.0913456e-06
   3.1570395e-06
   3.2239507e-06
   3.2917642e-06
   3.3601254e-06
   3.4286417e-06
   3.4968842e-06
   3.5643914e-06
   3.6306721e-06
   3.6952110e-06
   3.7574733e-06
   3.8169111e-06
   3.8729698e-06
   3.9250956e-06
   3.9727428e-06
   4.0153814e-06
   4.0525049e-06
   4.0836380e-06
   4.1083440e-06
   4.1262313e-06
   4.1369597e-06
   4.1402458e-06
   4.1358669e-06
   4.1236645e-06
   4.1035461e-06
   4.0754862e-06
   4.0395260e-06
   3.9957718e-06
   3.9443933e-06
   3.8856196e-06
   3.8197359e-06
   3.7470789e-06
   3.6680317e-06
   3.5830186e-06
   3.4924994e-06
   3.3969636e-06
   3.2969242e-06
   3.1929121e-06
   3.0854698e-06
   2.9751457e-06
   2.8624880e-06
   2.7480395e-06
   2.6323316e-06
   2.5158800e-06
   2.3991794e-06
   2.2827000e-06
   2.1668835e-06
   2.0521405e-06
   1.9388485e-06
   1.8273503e-06
   1.7179534e-06
   1.6109303e-06
   1.5065190e-06
   1.4049245e-06
   1.3063202e-06
   1.2108508e-06
   1.1186342e-06
   1.0297643e-06
   9.4431384e-07
   8.6233710e-07
   7.8387216e-07
   7.0894325e-07
   6.3756267e-07
   5.6973228e-07
   5.0544476e-07
   4.4468439e-07
   3.8742776e-07
   3.3364405e-07
   2.8329537e-07
   2.3633688e-07
   1.9271697e-07
   1.5237734e-07
   1.1525312e-07
   8.1273025e-08
   5.0359319e-08
   2.2427820e-08
  -2.6122949e-09
  -2.4858832e-08
  -4.4417113e-08
  -6.1400726e-08
  -7.5932465e-08
  -8.8145438e-08
  -9.8184256e-08
  -1.0620625e-07
  -1.1238258e-07
  -1.1689919e-07
  -1.1995746e-07
  -1.2177447e-07
  -1.2258278e-07
  -1.2262970e-07
  -1.2217610e-07
  -1.2149469e-07
  -1.2086780e-07
  -1.2058493e-07
  -1.2093982e-07
  -1.2222735e-07
  -1.2474026e-07
  -1.2876561e-07
  -1.3458126e-07
  -1.4245229e-07
  -1.5262750e-07
  -1.6533603e-07
  -1.8078423e-07
  -1.9915272e-07
  -2.2059384e-07
  -2.4522947e-07
  -2.7314926e-07
  -3.0440937e-07
  -3.3903169e-07
  -3.7700373e-07
  -4.1827907e-07
  -4.6277848e-07
  -5.1039182e-07
  -5.6098057e-07
  -6.1438103e-07
  -6.7040824e-07
  -7.2886028e-07
  -7.8952298e-07
  -8.5217486e-07
  -9.1659197e-07
  -9.8255251e-07
  -1.0498410e-06
  -1.1182520e-06
  -1.1875931e-06
  -1.2576867e-06
  -1.3283718e-06
  -1.3995044e-06
  -1.4709565e-06
  -1.5426160e-06
  -1.6143842e-06
  -1.6861741e-06
  -1.7579082e-06
  -1.8295156e-06
  -1.9009301e-06
  -1.9720867e-06
  -2.0429203e-06
  -2.1133621e-06
  -2.1833383e-06
  -2.2527674e-06
  -2.3215585e-06
  -2.3896097e-06
  -2.4568069e-06
  -2.5230223e-06
  -2.5881142e-06
  -2.6519266e-06
  -2.7142888e-06
  -2.7750162e-06
  -2.8339107e-06
  -2.8907613e-06
  -2.9453453e-06
  -2.9974295e-06
  -3.0467714e-06
  -3.0931208e-06
  -3.1362212e-06
  -3.1758115e-06
  -3.2116277e-06
  -3.2434041e-06
  -3.2708752e-06
  -3.2937761e-06
  -3.3118444e-06
  -3.3248204e-06
  -3.3324488e-06
  -3.3344789e-06
  -3.3306658e-06
  -3.3207720e-06
  -3.3045679e-06
  -3.2818343e-06
  -3.2523637e-06
  -3.2159630e-06
  -3.1724559e-06
  -3.1216863e-06
  -3.0635215e-06
  -2.9978566e-06
  -2.9246182e-06
  -2.8437695e-06
  -2.7553143e-06
  -2.6593018e-06
  -2.5558312e-06
  -2.4450553e-06
  -2.3271839e-06
  -2.2024864e-06
  -2.0712931e-06
  -1.9339954e-06
  -1.7910455e-06
  -1.6429532e-06
  -1.4902834e-06
  -1.3336509e-06
  -1.1737149e-06
  -1.0111720e-06
  -8.4674890e-07
  -6.8119415e-07
  -5.1526935e-07
  -3.4974022e-07
  -1.8536751e-07
  -2.2897967e-08
   1.3694427e-07
   2.9346579e-07
   4.4601129e-07
   5.9397002e-07
   7.3678129e-07
   8.7393873e-07
   1.0049935e-06
   1.1295564e-06
   1.2472985e-06
   1.3579507e-06
   1.4613026e-06
   1.5572002e-06
   1.6455424e-06
   1.7262778e-06
   1.7994007e-06
   1.8649463e-06
   1.9229873e-06
   1.9736294e-06
   2.0170077e-06
   2.0532831e-06
   2.0826398e-06
   2.1052827e-06
   2.1214360e-06
   2.1313424e-06
   2.1352625e-06
   2.1334755e-06
   2.1262793e-06
   2.1139923e-06
   2.0969533e-06
   2.0755232e-06
   2.0500847e-06
   2.0210422e-06
   1.9888211e-06
   1.9538657e-06
   1.9166363e-06
   1.8776061e-06
   1.8372566e-06
   1.7960721e-06
   1.7545339e-06
   1.7131144e-06
   1.6722692e-06
   1.6324314e-06
   1.5940044e-06
   1.5573557e-06
   1.5228111e-06
   1.4906503e-06
   1.4611028e-06
   1.4343451e-06
   1.4104990e-06
   1.3896311e-06
   1.3717530e-06
   1.3568231e-06
   1.3447487e-06
   1.3353900e-06
   1.3285644e-06
   1.3240519e-06
   1.3216010e-06
   1.3209351e-06
   1.3217598e-06
   1.3237694e-06
   1.3266536e-06
   1.3301044e-06
   1.3338213e-06
   1.3375172e-06
   1.3409225e-06
   1.3437888e-06
   1.3458920e-06
   1.3470341e-06
   1.3470441e-06
   1.3457782e-06
   1.3431191e-06
   1.3389748e-06
   1.3332759e-06
   1.3259733e-06
   1.3170350e-06
   1.3064426e-06
   1.2941888e-06
   1.2802735e-06
   1.2647023e-06
   1.2474839e-06
   1.2286292e-06
   1.2081512e-06
   1.1860648e-06
   1.1623887e-06
   1.1371464e-06
   1.1103686e-06
   1.0820954e-06
   1.0523782e-06
   1.0212823e-06
   9.8888768e-07
   9.5529034e-07
   9.2060271e-07
   8.8495333e-07
   8.4848600e-07
   8.1135846e-07
   7.7374058e-07
   7.3581236e-07
   6.9776168e-07
   6.5978217e-07
   6.2207109e-07
   5.8482739e-07
   5.4825004e-07
   5.1253649e-07
   4.7788143e-07
   4.4447556e-07
   4.1250450e-07
   3.8214748e-07
   3.5357599e-07
   3.2695205e-07
   3.0242623e-07
   2.8013516e-07
   2.6019886e-07
   2.4271765e-07
   2.2776886e-07
   2.1540357e-07
   2.0564335e-07
   1.9847737e-07
   1.9385997e-07
   1.9170890e-07
   1.9190424e-07
   1.9428829e-07
   1.9866621e-07
   2.0480766e-07
   2.1244926e-07
   2.2129788e-07
   2.3103470e-07
   2.4131993e-07
   2.5179800e-07
   2.6210333e-07
   2.7186621e-07
   2.8071904e-07
   2.8830234e-07
   2.9427059e-07
   2.9829759e-07
   3.0008110e-07
   2.9934671e-07
   2.9585087e-07
   2.8938297e-07
   2.7976675e-07
   2.6686095e-07
   2.5055946e-07
   2.3079107e-07
   2.0751902e-07
   1.8074040e-07
   1.5048547e-07
   1.1681698e-07
   7.9829376e-08
   3.9647801e-08
  -3.5730555e-09
  -4.9650465e-08
  -9.8375483e-08
  -1.4951512e-07
  -2.0281482e-07
  -2.5800126e-07
  -3.1478533e-07
  -3.7286535e-07
  -4.3193032e-07
  -4.9166325e-07
  -5.5174447e-07
  -6.1185485e-07
  -6.7167879e-07
  -7.3090703e-07
  -7.8923905e-07
  -8.4638516e-07
  -9.0206812e-07
  -9.5602434e-07
  -1.0080047e-06
  -1.0577747e-06
  -1.1051150e-06
  -1.1498209e-06
  -1.1917020e-06
  -1.2305823e-06
  -1.2662991e-06
  -1.2987033e-06
  -1.3276587e-06
  -1.3530421e-06
  -1.3747428e-06
  -1.3926632e-06
  -1.4067184e-06
  -1.4168362e-06
  -1.4229573e-06
  -1.4250346e-06
  -1.4230333e-06
  -1.4169300e-06
  -1.4067125e-06
  -1.3923783e-06
  -1.3739344e-06
  -1.3513957e-06
  -1.3247847e-06
  -1.2941298e-06
  -1.2594648e-06
  -1.2208274e-06
  -1.1782588e-06
  -1.1318032e-06
  -1.0815070e-06
  -1.0274195e-06
  -9.6959297e-07
  -9.0808382e-07
  -8.4295381e-07
  -7.7427178e-07
  -7.0211564e-07
  -6.2657457e-07
  -5.4775126e-07
  -4.6576404e-07
  -3.8074883e-07
  -2.9286068e-07
  -2.0227492e-07
  -1.0918774e-07
  -1.3816290e-08
   8.3601790e-08
   1.8280933e-07
   2.8353097e-07
   3.8547487e-07
   4.8833463e-07
   5.9179132e-07
   6.9551556e-07
   7.9916959e-07
   9.0240920e-07
   1.0048856e-06
   1.1062473e-06
   1.2061414e-06
   1.3042154e-06
   1.4001187e-06
   1.4935036e-06
   1.5840267e-06
   1.6713499e-06
   1.7551412e-06
   1.8350760e-06
   1.9108375e-06
   1.9821178e-06
   2.0486185e-06
   2.1100516e-06
   2.1661402e-06
   2.2166200e-06
   2.2612398e-06
   2.2997637e-06
   2.3319719e-06
   2.3576633e-06
   2.3766566e-06
   2.3887932e-06
   2.3939388e-06
   2.3919859e-06
   2.3828561e-06
   2.3665025e-06
   2.3429118e-06
   2.3121062e-06
   2.2741456e-06
   2.2291282e-06
   2.1771918e-06
   2.1185129e-06
   2.0533066e-06
   1.9818244e-06
   1.9043522e-06
   1.8212074e-06
   1.7327355e-06
   1.6393064e-06
   1.5413115e-06
   1.4391594e-06
   1.3332731e-06
   1.2240866e-06
   1.1120424e-06
   9.9758828e-07
   8.8117489e-07
   7.6325305e-07
   6.4427104e-07
   5.2467181e-07
   4.0489017e-07
   2.8534988e-07
   1.6646082e-07
   4.8616306e-08
  -6.7809362e-08
  -1.8246306e-07
  -2.9501457e-07
  -4.0515785e-07
  -5.1261184e-07
  -6.1712059e-07
  -7.1845292e-07
  -8.1640139e-07
  -9.1078081e-07
  -1.0014263e-06
  -1.0881913e-06
  -1.1709451e-06
  -1.2495706e-06
  -1.3239628e-06
  -1.3940267e-06
  -1.4596766e-06
  -1.5208351e-06
  -1.5774335e-06
  -1.6294115e-06
  -1.6767177e-06
  -1.7193106e-06
  -1.7571590e-06
  -1.7902424e-06
  -1.8185513e-06
  -1.8420872e-06
  -1.8608623e-06
  -1.8748989e-06
  -1.8842284e-06
  -1.8888907e-06
  -1.8889328e-06
  -1.8844082e-06
  -1.8753754e-06
  -1.8618977e-06
  -1.8440419e-06
  -1.8218787e-06
  -1.7954818e-06
  -1.7649283e-06
  -1.7302988e-06
  -1.6916773e-06
  -1.6491517e-06
  -1.6028137e-06
  -1.5527596e-06
  -1.4990901e-06
  -1.4419111e-06
  -1.3813343e-06
  -1.3174775e-06
  -1.2504654e-06
  -1.1804302e-06
  -1.1075125e-06
  -1.0318613e-06
  -9.5363458e-07
  -8.7299979e-07
  -7.9013353e-07
  -7.0522155e-07
  -6.1845838e-07
  -5.3004681e-07
  -4.4019723e-07
  -3.4912691e-07
  -2.5705907e-07
  -1.6422199e-07
  -7.0847890e-08
   2.2828190e-08
   1.1656969e-07
   2.1013991e-07
   3.0330351e-07
   3.9582801e-07
   4.8748552e-07
   5.7805431e-07
   6.6732058e-07
   7.5508006e-07
   8.4113953e-07
   9.2531820e-07
   1.0074488e-06
   1.0873782e-06
   1.1649682e-06
   1.2400951e-06
   1.3126494e-06
   1.3825350e-06
   1.4496683e-06
   1.5139760e-06
   1.5753943e-06
   1.6338662e-06
   1.6893400e-06
   1.7417670e-06
   1.7910999e-06
   1.8372907e-06
   1.8802889e-06
   1.9200406e-06
   1.9564871e-06
   1.9895642e-06
   2.0192026e-06
   2.0453278e-06
   2.0678616e-06
   2.0867238e-06
   2.1018340e-06
   2.1131152e-06
   2.1204960e-06
   2.1239141e-06
   2.1233199e-06
   2.1186789e-06
   2.1099756e-06
   2.0972154e-06
   2.0804270e-06
   2.0596647e-06
   2.0350086e-06
   2.0065665e-06
   1.9744730e-06
   1.9388895e-06
   1.9000033e-06
   1.8580259e-06
   1.8131913e-06
   1.7657540e-06
   1.7159865e-06
   1.6641769e-06
   1.6106267e-06
   1.5556479e-06
   1.4995612e-06
   1.4426930e-06
   1.3853739e-06
   1.3279362e-06
   1.2707119e-06
   1.2140314e-06
   1.1582212e-06
   1.1036022e-06
   1.0504882e-06
   9.9918414e-07
   9.4998385e-07
   9.0316845e-07
   8.5900427e-07
   8.1774082e-07
   7.7960887e-07
   7.4481865e-07
   7.1355833e-07
   6.8599284e-07
   6.6226306e-07
   6.4248543e-07
   6.2675188e-07
   6.1513002e-07
   6.0766352e-07
   6.0437238e-07
   6.0525316e-07
   6.1027886e-07
   6.1939850e-07
   6.3253617e-07
   6.4958974e-07
   6.7042908e-07
   6.9489416e-07
   7.2279293e-07
   7.5389938e-07
   7.8795201e-07
   8.2465280e-07
   8.6366710e-07
   9.0462454e-07
   9.4712105e-07
   9.9072206e-07
   1.0349669e-06
   1.0793741e-06
   1.1234474e-06
   1.1666827e-06
   1.2085748e-06
   1.2486248e-06
   1.2863468e-06
   1.3212747e-06
   1.3529683e-06
   1.3810190e-06
   1.4050548e-06
   1.4247448e-06
   1.4398021e-06
   1.4499872e-06
   1.4551096e-06
   1.4550293e-06
   1.4496570e-06
   1.4389542e-06
   1.4229319e-06
   1.4016490e-06
   1.3752097e-06
   1.3437604e-06
   1.3074857e-06
   1.2666037e-06
   1.2213614e-06
   1.1720285e-06
   1.1188924e-06
   1.0622516e-06
   1.0024103e-06
   9.3967230e-07
   8.7433579e-07
   8.0668841e-07
   7.3700298e-07
   6.6553404e-07
   5.9251527e-07
   5.1815792e-07
   4.4265025e-07
   3.6615796e-07
   2.8882566e-07
   2.1077919e-07
   1.3212871e-07
   5.2972340e-08
  -2.6599804e-08
  -1.0650147e-07
  -1.8664619e-07
  -2.6694357e-07
  -3.4729605e-07
  -4.2759640e-07
  -5.0772595e-07
  -5.8755366e-07
  -6.6693600e-07
  -7.4571762e-07
  -8.2373269e-07
  -9.0080688e-07
  -9.7675975e-07
  -1.0514075e-06
  -1.1245657e-06
  -1.1960527e-06
  -1.2656918e-06
  -1.3333147e-06
  -1.3987632e-06
  -1.4618924e-06
  -1.5225714e-06
  -1.5806861e-06
  -1.6361397e-06
  -1.6888537e-06
  -1.7387688e-06
  -1.7858447e-06
  -1.8300599e-06
  -1.8714117e-06
  -1.9099149e-06
  -1.9456009e-06
  -1.9785171e-06
  -2.0087253e-06
  -2.0363004e-06
  -2.0613289e-06
  -2.0839075e-06
  -2.1041408e-06
  -2.1221398e-06
  -2.1380194e-06
  -2.1518963e-06
  -2.1638868e-06
  -2.1741039e-06
  -2.1826558e-06
  -2.1896427e-06
  -2.1951551e-06
  -2.1992713e-06
  -2.2020561e-06
  -2.2035585e-06
  -2.2038107e-06
  -2.2028275e-06
  -2.2006059e-06
  -2.1971253e-06
  -2.1923487e-06
  -2.1862237e-06
  -2.1786853e-06
  -2.1696579e-06
  -2.1590585e-06
  -2.1468001e-06
  -2.1327950e-06
  -2.1169587e-06
  -2.0992138e-06
  -2.0794930e-06
  -2.0577436e-06
  -2.0339301e-06
  -2.0080378e-06
  -1.9800754e-06
  -1.9500780e-06
  -1.9181090e-06
  -1.8842623e-06
  -1.8486636e-06
  -1.8114715e-06
  -1.7728781e-06
  -1.7331086e-06
  -1.6924211e-06
  -1.6511047e-06
  -1.6094779e-06
  -1.5678852e-06
  -1.5266941e-06
  -1.4862905e-06
  -1.4470737e-06
  -1.4094509e-06
  -1.3738306e-06
  -1.3406162e-06
  -1.3101985e-06
  -1.2829481e-06
  -1.2592084e-06
  -1.2392881e-06
  -1.2234541e-06
  -1.2119261e-06
  -1.2048710e-06
  -1.2023993e-06
  -1.2045630e-06
  -1.2113539e-06
  -1.2227049e-06
  -1.2384916e-06
  -1.2585356e-06
  -1.2826089e-06
  -1.3104389e-06
  -1.3417149e-06
  -1.3760937e-06
  -1.4132068e-06
  -1.4526665e-06
  -1.4940723e-06
  -1.5370179e-06
  -1.5810961e-06
  -1.6259048e-06
  -1.6710518e-06
  -1.7161595e-06
  -1.7608686e-06
  -1.8048423e-06
  -1.8477689e-06
  -1.8893654e-06
  -1.9293795e-06
  -1.9675922e-06
  -2.0038192e-06
  -2.0379126e-06
  -2.0697620e-06
  -2.0992950e-06
  -2.1264772e-06
  -2.1513123e-06
  -2.1738411e-06
  -2.1941405e-06
  -2.2123217e-06
  -2.2285282e-06
  -2.2429332e-06
  -2.2557370e-06
  -2.2671628e-06
  -2.2774538e-06
  -2.2868684e-06
  -2.2956757e-06
  -2.3041509e-06
  -2.3125699e-06
  -2.3212041e-06
  -2.3303157e-06
  -2.3401526e-06
  -2.3509438e-06
  -2.3628954e-06
  -2.3761872e-06
  -2.3909696e-06
  -2.4073616e-06
  -2.4254493e-06
  -2.4452848e-06
  -2.4668857e-06
  -2.4902358e-06
  -2.5152855e-06
  -2.5419528e-06
  -2.5701248e-06
  -2.5996595e-06
  -2.6303873e-06
  -2.6621137e-06
  -2.6946214e-06
  -2.7276727e-06
  -2.7610127e-06
  -2.7943724e-06
  -2.8274717e-06
  -2.8600235e-06
  -2.8917370e-06
  -2.9223218e-06
  -2.9514918e-06
  -2.9789688e-06
  -3.0044864e-06
  -3.0277931e-06
  -3.0486546e-06
  -3.0668569e-06
  -3.0822071e-06
  -3.0945350e-06
  -3.1036937e-06
  -3.1095588e-06
  -3.1120288e-06
  -3.1110229e-06
  -3.1064806e-06
  -3.0983592e-06
  -3.0866320e-06
  -3.0712864e-06
  -3.0523218e-06
  -3.0297473e-06
  -3.0035807e-06
  -2.9738466e-06
  -2.9405750e-06
  -2.9038010e-06
  -2.8635638e-06
  -2.8199063e-06
  -2.7728751e-06
  -2.7225207e-06
  -2.6688970e-06
  -2.6120620e-06
  -2.5520777e-06
  -2.4890102e-06
  -2.4229294e-06
  -2.3539093e-06
  -2.2820273e-06
  -2.2073637e-06
  -2.1300021e-06
  -2.0500282e-06
  -1.9675296e-06
  -1.8825960e-06
  -1.7953188e-06
  -1.7057913e-06
  -1.6141090e-06
  -1.5203706e-06
  -1.4246785e-06
  -1.3271403e-06
  -1.2278703e-06
  -1.1269910e-06
  -1.0246347e-06
  -9.2094567e-07
  -8.1608155e-07
  -7.1021485e-07
  -6.0353420e-07
  -4.9624513e-07
  -3.8857050e-07
  -2.8075035e-07
  -1.7304131e-07
  -6.5715377e-08
   4.0941729e-08
   1.4663284e-07
   2.5105201e-07
   3.5388764e-07
   4.5482589e-07
   5.5355431e-07
   6.4976564e-07
   7.4316156e-07
   8.3345636e-07
   9.2038038e-07
   1.0036833e-06
   1.0831369e-06
   1.1585375e-06
   1.2297081e-06
   1.2964998e-06
   1.3587928e-06
   1.4164968e-06
   1.4695510e-06
   1.5179233e-06
   1.5616094e-06
   1.6006311e-06
   1.6350345e-06
   1.6648882e-06
   1.6902807e-06
   1.7113185e-06
   1.7281240e-06
   1.7408337e-06
   1.7495959e-06
   1.7545698e-06
   1.7559237e-06
   1.7538340e-06
   1.7484846e-06
   1.7400664e-06
   1.7287765e-06
   1.7148184e-06
   1.6984024e-06
   1.6797450e-06
   1.6590698e-06
   1.6366076e-06
   1.6125962e-06
   1.5872810e-06
   1.5609139e-06
   1.5337530e-06
   1.5060613e-06
   1.4781050e-06
   1.4501518e-06
   1.4224685e-06
   1.3953187e-06
   1.3689602e-06
   1.3436424e-06
   1.3196038e-06
   1.2970692e-06
   1.2762476e-06
   1.2573294e-06
   1.2404842e-06
   1.2258587e-06
   1.2135747e-06
   1.2037273e-06
   1.1963830e-06
   1.1915787e-06
   1.1893209e-06
   1.1895850e-06
   1.1923155e-06
   1.1974267e-06
   1.2048040e-06
   1.2143058e-06
   1.2257656e-06
   1.2389953e-06
   1.2537879e-06
   1.2699213e-06
   1.2871619e-06
   1.3052681e-06
   1.3239940e-06
   1.3430932e-06
   1.3623212e-06
   1.3814391e-06
   1.4002161e-06
   1.4184314e-06
   1.4358765e-06
   1.4523570e-06
   1.4676932e-06
   1.4817220e-06
   1.4942966e-06
   1.5052875e-06
   1.5145828e-06
   1.5220879e-06
   1.5277259e-06
   1.5314379e-06
   1.5331829e-06
   1.5329382e-06
   1.5306994e-06
   1.5264803e-06
   1.5203131e-06
   1.5122474e-06
   1.5023493e-06
   1.4907007e-06
   1.4773970e-06
   1.4625454e-06
   1.4462626e-06
   1.4286723e-06
   1.4099026e-06
   1.3900834e-06
   1.3693435e-06
   1.3478089e-06
   1.3256004e-06
   1.3028318e-06
   1.2796089e-06
   1.2560283e-06
   1.2321767e-06
   1.2081307e-06
   1.1839564e-06
   1.1597096e-06
   1.1354360e-06
   1.1111718e-06
   1.0869439e-06
   1.0627714e-06
   1.0386658e-06
   1.0146327e-06
   9.9067269e-07
   9.6678295e-07
   9.4295848e-07
   9.1919372e-07
   8.9548413e-07
   8.7182784e-07
   8.4822742e-07
   8.2469162e-07
   8.0123715e-07
   7.7789052e-07
   7.5468960e-07
   7.3168527e-07
   7.0894262e-07
   6.8654203e-07
   6.6457976e-07
   6.4316819e-07
   6.2243553e-07
   6.0252501e-07
   5.8359349e-07
   5.6580949e-07
   5.4935065e-07
   5.3440071e-07
   5.2114584e-07
   5.0977075e-07
   5.0045419e-07
   4.9336435e-07
   4.8865402e-07
   4.8645561e-07
   4.8687641e-07
   4.8999391e-07
   4.9585151e-07
   5.0445480e-07
   5.1576840e-07
   5.2971376e-07
   5.4616782e-07
   5.6496281e-07
   5.8588721e-07
   6.0868786e-07
   6.3307335e-07
   6.5871840e-07
   6.8526919e-07
   7.1234947e-07
   7.3956709e-07
   7.6652085e-07
   7.9280738e-07
   8.1802784e-07
   8.4179429e-07
   8.6373564e-07
   8.8350290e-07
   9.0077391e-07
   9.1525731e-07
   9.2669592e-07
   9.3486940e-07
   9.3959638e-07
   9.4073604e-07
   9.3818908e-07
   9.3189829e-07
   9.2184861e-07
   9.0806687e-07
   8.9062107e-07
   8.6961944e-07
   8.4520927e-07
   8.1757556e-07
   7.8693954e-07
   7.5355716e-07
   7.1771742e-07
   6.7974072e-07
   6.3997688e-07
   5.9880299e-07
   5.5662087e-07
   5.1385400e-07
   4.7094386e-07
   4.2834575e-07
   3.8652386e-07
   3.4594591e-07
   3.0707727e-07
   2.7037483e-07
   2.3628061e-07
   2.0521537e-07
   1.7757238e-07
   1.5371141e-07
   1.3395321e-07
   1.1857451e-07
   1.0780366e-07
   1.0181705e-07
   1.0073619e-07
   1.0462568e-07
   1.1349190e-07
   1.2728258e-07
   1.4588726e-07
   1.6913851e-07
   1.9681399e-07
   2.2863925e-07
   2.6429121e-07
   3.0340227e-07
   3.4556502e-07
   3.9033745e-07
   4.3724860e-07
   4.8580464e-07
   5.3549508e-07
   5.8579923e-07
   6.3619259e-07
   6.8615331e-07
   7.3516846e-07
   7.8274027e-07
   8.2839223e-07
   8.7167501e-07
   9.1217223e-07
   9.4950583e-07
   9.8334114e-07
   1.0133916e-06
   1.0394227e-06
   1.0612560e-06
   1.0787719e-06
   1.0919122e-06
   1.1006817e-06
   1.1051489e-06
   1.1054461e-06
   1.1017675e-06
   1.0943667e-06
   1.0835526e-06
   1.0696845e-06
   1.0531646e-06
   1.0344315e-06
   1.0139508e-06
   9.9220697e-07
   9.6969398e-07
   9.4690663e-07
   9.2433220e-07
   9.0244291e-07
   8.8168925e-07
   8.6249431e-07
   8.4524924e-07
   8.3030971e-07
   8.1799334e-07
   8.0857801e-07
   8.0230091e-07
   7.9935817e-07
   7.9990502e-07
   8.0405617e-07
   8.1188667e-07
   8.2343275e-07
   8.3869305e-07
   8.5762987e-07
   8.8017059e-07
   9.0620927e-07
   9.3560832e-07
   9.6820022e-07
   1.0037894e-06
   1.0421540e-06
   1.0830479e-06
   1.1262026e-06
   1.1713291e-06
   1.2181200e-06
   1.2662516e-06
   1.3153861e-06
   1.3651746e-06
   1.4152591e-06
   1.4652765e-06
   1.5148612e-06
   1.5636494e-06
   1.6112822e-06
   1.6574103e-06
   1.7016971e-06
   1.7438232e-06
   1.7834900e-06
   1.8204234e-06
   1.8543775e-06
   1.8851373e-06
   1.9125223e-06
   1.9363885e-06
   1.9566307e-06
   1.9731834e-06
   1.9860223e-06
   1.9951632e-06
   2.0006620e-06
   2.0026126e-06
   2.0011442e-06
   1.9964182e-06
   1.9886244e-06
   1.9779759e-06
   1.9647048e-06
   1.9490566e-06
   1.9312848e-06
   1.9116463e-06
   1.8903956e-06
   1.8677810e-06
   1.8440401e-06
   1.8193967e-06
   1.7940577e-06
   1.7682119e-06
   1.7420280e-06
   1.7156549e-06
   1.6892217e-06
   1.6628387e-06
   1.6365993e-06
   1.6105819e-06
   1.5848523e-06
   1.5594667e-06
   1.5344742e-06
   1.5099194e-06
   1.4858451e-06
   1.4622944e-06
   1.4393121e-06
   1.4169465e-06
   1.3952501e-06
   1.3742796e-06
   1.3540967e-06
   1.3347667e-06
   1.3163590e-06
   1.2989456e-06
   1.2826007e-06
   1.2674002e-06
   1.2534206e-06
   1.2407390e-06
   1.2294323e-06
   1.2195772e-06
   1.2112497e-06
   1.2045249e-06
   1.1994766e-06
   1.1961766e-06
   1.1946946e-06
   1.1950972e-06
   1.1974468e-06
   1.2018010e-06
   1.2082114e-06
   1.2167222e-06
   1.2273692e-06
   1.2401783e-06
   1.2551645e-06
   1.2723302e-06
   1.2916644e-06
   1.3131417e-06
   1.3367215e-06
   1.3623474e-06
   1.3899471e-06
   1.4194328e-06
   1.4507015e-06
   1.4836365e-06
   1.5181085e-06
   1.5539778e-06
   1.5910959e-06
   1.6293081e-06
   1.6684553e-06
   1.7083767e-06
   1.7489114e-06
   1.7898998e-06
   1.8311861e-06
   1.8726186e-06
   1.9140511e-06
   1.9553438e-06
   1.9963640e-06
   2.0369866e-06
   2.0770946e-06
   2.1165796e-06
   2.1553422e-06
   2.1932924e-06
   2.2303501e-06
   2.2664451e-06
   2.3015178e-06
   2.3355193e-06
   2.3684114e-06
   2.4001667e-06
   2.4307684e-06
   2.4602096e-06
   2.4884929e-06
   2.5156288e-06
   2.5416342e-06
   2.5665307e-06
   2.5903422e-06
   2.6130926e-06
   2.6348028e-06
   2.6554888e-06
   2.6751585e-06
   2.6938102e-06
   2.7114304e-06
   2.7279922e-06
   2.7434547e-06
   2.7577616e-06
   2.7708413e-06
   2.7826067e-06
   2.7929551e-06
   2.8017688e-06
   2.8089162e-06
   2.8142524e-06
   2.8176211e-06
   2.8188565e-06
   2.8177856e-06
   2.8142306e-06
   2.8080124e-06
   2.7989534e-06
   2.7868818e-06
   2.7716345e-06
   2.7530611e-06
   2.7310276e-06
   2.7054195e-06
   2.6761445e-06
   2.6431354e-06
   2.6063518e-06
   2.5657815e-06
   2.5214417e-06
   2.4733792e-06
   2.4216708e-06
   2.3664230e-06
   2.3077713e-06
   2.2458796e-06
   2.1809395e-06
   2.1131692e-06
   2.0428119e-06
   1.9701354e-06
   1.8954297e-06
   1.8190062e-06
   1.7411954e-06
   1.6623449e-06
   1.5828169e-06
   1.5029859e-06
   1.4232355e-06
   1.3439550e-06
   1.2655358e-06
   1.1883681e-06
   1.1128363e-06
   1.0393159e-06
   9.6816919e-07
   8.9974208e-07
   8.3436101e-07
   7.7233024e-07
   7.1392970e-07
   6.5941336e-07
   6.0900796e-07
   5.6291231e-07
   5.2129683e-07
   4.8430347e-07
   4.5204582e-07
   4.2460935e-07
   4.0205173e-07
   3.8440328e-07
   3.7166724e-07
   3.6382022e-07
   3.6081247e-07
   3.6256823e-07
   3.6898603e-07
   3.7993910e-07
   3.9527595e-07
   4.1482117e-07
   4.3837660e-07
   4.6572275e-07
   4.9662078e-07
   5.3081467e-07
   5.6803379e-07
   6.0799568e-07
   6.5040893e-07
   6.9497619e-07
   7.4139712e-07
   7.8937129e-07
   8.3860092e-07
   8.8879358e-07
   9.3966461e-07
   9.9093945e-07
   1.0423558e-06
   1.0936657e-06
   1.1446374e-06
   1.1950569e-06
   1.2447297e-06
   1.2934823e-06
   1.3411628e-06
   1.3876422e-06
   1.4328147e-06
   1.4765975e-06
   1.5189307e-06
   1.5597765e-06
   1.5991174e-06
   1.6369547e-06
   1.6733062e-06
   1.7082034e-06
   1.7416882e-06
   1.7738100e-06
   1.8046224e-06
   1.8341791e-06
   1.8625316e-06
   1.8897251e-06
   1.9157963e-06
   1.9407699e-06
   1.9646570e-06
   1.9874527e-06
   2.0091346e-06
   2.0296623e-06
   2.0489770e-06
   2.0670020e-06
   2.0836442e-06
   2.0987958e-06
   2.1123369e-06
   2.1241392e-06
   2.1340692e-06
   2.1419925e-06
   2.1477775e-06
   2.1512992e-06
   2.1524431e-06
   2.1511075e-06
   2.1472064e-06
   2.1406704e-06
   2.1314473e-06
   2.1195023e-06
   2.1048165e-06
   2.0873856e-06
   2.0672177e-06
   2.0443306e-06
   2.0187493e-06
   1.9905029e-06
   1.9596218e-06
   1.9261350e-06
   1.8900674e-06
   1.8514372e-06
   1.8102543e-06
   1.7665188e-06
   1.7202193e-06
   1.6713329e-06
   1.6198248e-06
   1.5656490e-06
   1.5087492e-06
   1.4490606e-06
   1.3865124e-06
   1.3210304e-06
   1.2525409e-06
   1.1809740e-06
   1.1062684e-06
   1.0283757e-06
   9.4726486e-07
   8.6292668e-07
   7.7537789e-07
   6.8466469e-07
   5.9086568e-07
   4.9409388e-07
   3.9449792e-07
   2.9226225e-07
   1.8760640e-07
   8.0783445e-08
  -2.7922301e-08
  -1.3819817e-07
  -2.4970655e-07
  -3.6208871e-07
  -4.7496881e-07
  -5.8795813e-07
  -7.0065940e-07
  -8.1267107e-07
  -9.2359157e-07
  -1.0330234e-06
  -1.1405771e-06
  -1.2458749e-06
  -1.3485541e-06
  -1.4482705e-06
  -1.5447007e-06
  -1.6375445e-06
  -1.7265270e-06
  -1.8113993e-06
  -1.8919398e-06
  -1.9679540e-06
  -2.0392741e-06
  -2.1057578e-06
  -2.1672871e-06
  -2.2237662e-06
  -2.2751191e-06
  -2.3212879e-06
  -2.3622298e-06
  -2.3979150e-06
  -2.4283244e-06
  -2.4534485e-06
  -2.4732851e-06
  -2.4878392e-06
  -2.4971226e-06
  -2.5011544e-06
  -2.4999620e-06
  -2.4935829e-06
  -2.4820667e-06
  -2.4654777e-06
  -2.4438974e-06
  -2.4174270e-06
  -2.3861896e-06
  -2.3503320e-06
  -2.3100259e-06
  -2.2654683e-06
  -2.2168816e-06
  -2.1645121e-06
  -2.1086288e-06
  -2.0495215e-06
  -1.9874974e-06
  -1.9228792e-06
  -1.8560013e-06
  -1.7872068e-06
  -1.7168445e-06
  -1.6452658e-06
  -1.5728219e-06
  -1.4998609e-06
  -1.4267255e-06
  -1.3537504e-06
  -1.2812597e-06
  -1.2095641e-06
  -1.1389586e-06
  -1.0697190e-06
  -1.0020993e-06
  -9.3632892e-07
  -8.7260943e-07
  -8.1111252e-07
  -7.5197781e-07
  -6.9531143e-07
  -6.4118531e-07
  -5.8963709e-07
  -5.4067074e-07
  -4.9425791e-07
  -4.5033989e-07
  -4.0883021e-07
  -3.6961779e-07
  -3.3257056e-07
  -2.9753944e-07
  -2.6436265e-07
  -2.3287014e-07
  -2.0288809e-07
  -1.7424337e-07
  -1.4676778e-07
  -1.2030192e-07
  -9.4698692e-08
  -6.9826228e-08
  -4.5570237e-08
  -2.1835729e-08
   1.4519120e-09
   2.4346464e-08
   4.6880998e-08
   6.9068541e-08
   9.0903212e-08
   1.1236176e-07
   1.3340546e-07
   1.5398225e-07
   1.7402924e-07
   1.9347524e-07
   2.1224365e-07
   2.3025527e-07
   2.4743125e-07
   2.6369591e-07
   2.7897933e-07
   2.9321981e-07
   3.0636587e-07
   3.1837796e-07
   3.2922964e-07
   3.3890839e-07
   3.4741594e-07
   3.5476821e-07
   3.6099484e-07
   3.6613833e-07
   3.7025286e-07
   3.7340283e-07
   3.7566109e-07
   3.7710703e-07
   3.7782446e-07
   3.7789951e-07
   3.7741849e-07
   3.7646598e-07
   3.7512311e-07
   3.7346631e-07
   3.7156651e-07
   3.6948891e-07
   3.6729327e-07
   3.6503479e-07
   3.6276540e-07
   3.6053532e-07
   3.5839472e-07
   3.5639531e-07
   3.5459147e-07
   3.5304101e-07
   3.5180518e-07
   3.5094798e-07
   3.5053475e-07
   3.5063008e-07
   3.5129521e-07
   3.5258500e-07
   3.5454489e-07
   3.5720776e-07
   3.6059130e-07
   3.6469570e-07
   3.6950204e-07
   3.7497142e-07
   3.8104474e-07
   3.8764329e-07
   3.9466992e-07
   4.0201080e-07
   4.0953753e-07
   4.1710961e-07
   4.2457706e-07
   4.3178315e-07
   4.3856722e-07
   4.4476747e-07
   4.5022372e-07
   4.5478019e-07
   4.5828809e-07
   4.6060818e-07
   4.6161298e-07
   4.6118888e-07
   4.5923778e-07
   4.5567843e-07
   4.5044740e-07
   4.4349959e-07
   4.3480845e-07
   4.2436582e-07
   4.1218151e-07
   3.9828265e-07
   3.8271277e-07
   3.6553070e-07
   3.4680942e-07
   3.2663474e-07
   3.0510413e-07
   2.8232558e-07
   2.5841656e-07
   2.3350326e-07
   2.0771986e-07
   1.8120797e-07
   1.5411596e-07
   1.2659829e-07
   9.8814450e-08
   7.0927535e-08
   4.3102219e-08
   1.5502150e-08
  -1.1713304e-08
  -3.8392827e-08
  -6.4397323e-08
  -8.9604223e-08
  -1.1391169e-07
  -1.3724244e-07
  -1.5954691e-07
  -1.8080554e-07
  -2.0102994e-07
  -2.2026289e-07
  -2.3857699e-07
  -2.5607220e-07
  -2.7287222e-07
  -2.8911996e-07
  -3.0497233e-07
  -3.2059451e-07
  -3.3615410e-07
  -3.5181530e-07
  -3.6773343e-07
  -3.8404999e-07
  -4.0088848e-07
  -4.1835105e-07
  -4.3651609e-07
  -4.5543678e-07
  -4.7514046e-07
  -4.9562889e-07
  -5.1687903e-07
  -5.3884441e-07
  -5.6145682e-07
  -5.8462826e-07
  -6.0825298e-07
  -6.3220958e-07
  -6.5636309e-07
  -6.8056696e-07
  -7.0466496e-07
  -7.2849307e-07
  -7.5188129e-07
  -7.7465549e-07
  -7.9663931e-07
  -8.1765628e-07
  -8.3753200e-07
  -8.5609660e-07
  -8.7318723e-07
  -8.8865063e-07
  -9.0234553e-07
  -9.1414487e-07
  -9.2393758e-07
  -9.3162983e-07
  -9.3714569e-07
  -9.4042718e-07
  -9.4143357e-07
  -9.4014017e-07
  -9.3653645e-07
  -9.3062384e-07
  -9.2241313e-07
  -9.1192179e-07
  -8.9917126e-07
  -8.8418441e-07
  -8.6698335e-07
  -8.4758755e-07
  -8.2601241e-07
  -8.0226832e-07
  -7.7636011e-07
  -7.4828691e-07
  -7.1804237e-07
  -6.8561521e-07
  -6.5098999e-07
  -6.1414803e-07
  -5.7506855e-07
  -5.3372970e-07
  -4.9010965e-07
  -4.4418754e-07
  -3.9594435e-07
  -3.4536349e-07
  -2.9243150e-07
  -2.3713849e-07
  -1.7947870e-07
  -1.1945110e-07
  -5.7060178e-08
   7.6831577e-09
   7.4760342e-08
   1.4414371e-07
   2.1579474e-07
   2.8966212e-07
   3.6567947e-07
   4.4376302e-07
   5.2380908e-07
   6.0569156e-07
   6.8925952e-07
   7.7433498e-07
   8.6071091e-07
   9.4814977e-07
   1.0363825e-06
   1.1251080e-06
   1.2139938e-06
   1.3026768e-06
   1.3907656e-06
   1.4778427e-06
   1.5634685e-06
   1.6471856e-06
   1.7285235e-06
   1.8070046e-06
   1.8821502e-06
   1.9534875e-06
   2.0205562e-06
   2.0829156e-06
   2.1401516e-06
   2.1918836e-06
   2.2377705e-06
   2.2775164e-06
   2.3108760e-06
   2.3376582e-06
   2.3577303e-06
   2.3710202e-06
   2.3775188e-06
   2.3772806e-06
   2.3704247e-06
   2.3571339e-06
   2.3376537e-06
   2.3122904e-06
   2.2814081e-06
   2.2454246e-06
   2.2048064e-06
   2.1600629e-06
   2.1117389e-06
   2.0604065e-06
   2.0066555e-06
   1.9510838e-06
   1.8942864e-06
   1.8368449e-06
   1.7793169e-06
   1.7222253e-06
   1.6660494e-06
   1.6112165e-06
   1.5580946e-06
   1.5069874e-06
   1.4581306e-06
   1.4116899e-06
   1.3677612e-06
   1.3263725e-06
   1.2874873e-06
   1.2510099e-06
   1.2167914e-06
   1.1846373e-06
   1.1543149e-06
   1.1255619e-06
   1.0980940e-06
   1.0716127e-06
   1.0458130e-06
   1.0203891e-06
   9.9504077e-07
   9.6947759e-07
   9.4342329e-07
   9.1661875e-07
   8.8882441e-07
   8.5982215e-07
   8.2941654e-07
   7.9743567e-07
   7.6373164e-07
   7.2818053e-07
   6.9068221e-07
   6.5115975e-07
   6.0955857e-07
   5.6584540e-07
   5.2000698e-07
   4.7204867e-07
   4.2199288e-07
   3.6987746e-07
   3.1575408e-07
   2.5968670e-07
   2.0175023e-07
   1.4202937e-07
   8.0617805e-08
   1.7617684e-08
  -4.6860552e-08
  -1.1269803e-07
  -1.7976697e-07
  -2.4793002e-07
  -3.1703934e-07
  -3.8693546e-07
  -4.5744622e-07
  -5.2838548e-07
  -5.9955209e-07
  -6.7072888e-07
  -7.4168198e-07
  -8.1216044e-07
  -8.8189625e-07
  -9.5060490e-07
  -1.0179863e-06
  -1.0837266e-06
  -1.1475002e-06
  -1.2089725e-06
  -1.2678037e-06
  -1.3236525e-06
  -1.3761810e-06
  -1.4250595e-06
  -1.4699719e-06
  -1.5106212e-06
  -1.5467351e-06
  -1.5780709e-06
  -1.6044203e-06
  -1.6256134e-06
  -1.6415219e-06
  -1.6520620e-06
  -1.6571958e-06
  -1.6569319e-06
  -1.6513259e-06
  -1.6404788e-06
  -1.6245359e-06
  -1.6036838e-06
  -1.5781480e-06
  -1.5481887e-06
  -1.5140972e-06
  -1.4761918e-06
  -1.4348130e-06
  -1.3903192e-06
  -1.3430820e-06
  -1.2934809e-06
  -1.2418985e-06
  -1.1887157e-06
  -1.1343064e-06
  -1.0790325e-06
  -1.0232399e-06
  -9.6725339e-07
  -9.1137348e-07
  -8.5587281e-07
  -8.0099369e-07
  -7.4694642e-07
  -6.9390835e-07
  -6.4202396e-07
  -5.9140582e-07
  -5.4213647e-07
  -4.9427108e-07
  -4.4784086e-07
  -4.0285698e-07
  -3.5931497e-07
  -3.1719932e-07
  -2.7648833e-07
  -2.3715875e-07
  -1.9919046e-07
  -1.6257060e-07
  -1.2729728e-07
  -9.3382571e-08
  -6.0854703e-08
  -2.9759442e-08
  -1.6056041e-10
   2.7860535e-08
   5.4205929e-08
   7.8762971e-08
   1.0140655e-07
   1.2200172e-07
   1.4040663e-07
   1.5647551e-07
   1.7006190e-07
   1.8102177e-07
   1.8921681e-07
   1.9451776e-07
   1.9680781e-07
   1.9598609e-07
   1.9197127e-07
   1.8470515e-07
   1.7415635e-07
   1.6032376e-07
   1.4323995e-07
   1.2297412e-07
   9.9634710e-08
   7.3371364e-08
   4.4376210e-08
   1.2884302e-08
  -2.0826848e-08
  -5.6438728e-08
  -9.3594275e-08
  -1.3190132e-07
  -1.7093698e-07
  -2.1025285e-07
  -2.4938100e-07
  -2.8784048e-07
  -3.2514433e-07
  -3.6080687e-07
  -3.9435108e-07
  -4.2531596e-07
  -4.5326374e-07
  -4.7778678e-07
  -4.9851396e-07
  -5.1511661e-07
  -5.2731356e-07
  -5.3487544e-07
  -5.3762811e-07
  -5.3545496e-07
  -5.2829828e-07
  -5.1615955e-07
  -4.9909868e-07
  -4.7723225e-07
  -4.5073078e-07
  -4.1981503e-07
  -3.8475154e-07
  -3.4584727e-07
  -3.0344362e-07
  -2.5790985e-07
  -2.0963609e-07
  -1.5902608e-07
  -1.0648984e-07
  -5.2436450e-08
   2.7329305e-09
   5.8631476e-08
   1.1489253e-07
   1.7117457e-07
   2.2716530e-07
   2.8258459e-07
   3.3718636e-07
   3.9075927e-07
   4.4312627e-07
   4.9414312e-07
   5.4369594e-07
   5.9169795e-07
   6.3808570e-07
   6.8281492e-07
   7.2585633e-07
   7.6719151e-07
   8.0680911e-07
   8.4470168e-07
   8.8086298e-07
   9.1528613e-07
   9.4796239e-07
   9.7888054e-07
   1.0080268e-06
   1.0353852e-06
   1.0609382e-06
   1.0846674e-06
   1.1065546e-06
   1.1265827e-06
   1.1447370e-06
   1.1610058e-06
   1.1753819e-06
   1.1878634e-06
   1.1984551e-06
   1.2071695e-06
   1.2140287e-06
   1.2190650e-06
   1.2223233e-06
   1.2238620e-06
   1.2237546e-06
   1.2220911e-06
   1.2189791e-06
   1.2145451e-06
   1.2089346e-06
   1.2023132e-06
   1.1948662e-06
   1.1867981e-06
   1.1783321e-06
   1.1697082e-06
   1.1611818e-06
   1.1530208e-06
   1.1455027e-06
   1.1389113e-06
   1.1335327e-06
   1.1296512e-06
   1.1275446e-06
   1.1274800e-06
   1.1297088e-06
   1.1344626e-06
   1.1419488e-06
   1.1523464e-06
   1.1658036e-06
   1.1824342e-06
   1.2023160e-06
   1.2254896e-06
   1.2519576e-06
   1.2816847e-06
   1.3145988e-06
   1.3505925e-06
   1.3895246e-06
   1.4312236e-06
   1.4754901e-06
   1.5221006e-06
   1.5708111e-06
   1.6213609e-06
   1.6734774e-06
   1.7268798e-06
   1.7812836e-06
   1.8364047e-06
   1.8919638e-06
   1.9476895e-06
   2.0033223e-06
   2.0586168e-06
   2.1133441e-06
   2.1672939e-06
   2.2202755e-06
   2.2721184e-06
   2.3226726e-06
   2.3718081e-06
   2.4194146e-06
   2.4654001e-06
   2.5096896e-06
   2.5522231e-06
   2.5929539e-06
   2.6318457e-06
   2.6688705e-06
   2.7040057e-06
   2.7372309e-06
   2.7685254e-06
   2.7978653e-06
   2.8252207e-06
   2.8505534e-06
   2.8738153e-06
   2.8949465e-06
   2.9138744e-06
   2.9305137e-06
   2.9447662e-06
   2.9565218e-06
   2.9656594e-06
   2.9720486e-06
   2.9755517e-06
   2.9760253e-06
   2.9733226e-06
   2.9672948e-06
   2.9577929e-06
   2.9446690e-06
   2.9277776e-06
   2.9069761e-06
   2.8821256e-06
   2.8530917e-06
   2.8197444e-06
   2.7819594e-06
   2.7396178e-06
   2.6926068e-06
   2.6408201e-06
   2.5841578e-06
   2.5225273e-06
   2.4558428e-06
   2.3840259e-06
   2.3070056e-06
   2.2247185e-06
   2.1371090e-06
   2.0441292e-06
   1.9457398e-06
   1.8419103e-06
   1.7326196e-06
   1.6178574e-06
   1.4976250e-06
   1.3719375e-06
   1.2408258e-06
   1.1043394e-06
   9.6254909e-07
   8.1555025e-07
   6.6346632e-07
   5.0645196e-07
   3.4469624e-07
   1.7842538e-07
   7.9050134e-09
  -1.6655819e-07
  -3.4461575e-07
  -5.2587732e-07
  -7.0991165e-07
  -8.9624835e-07
  -1.0843804e-06
  -1.2737676e-06
  -1.4638402e-06
  -1.6540038e-06
  -1.8436438e-06
  -2.0321309e-06
  -2.2188260e-06
  -2.4030854e-06
  -2.5842663e-06
  -2.7617315e-06
  -2.9348539e-06
  -3.1030210e-06
  -3.2656387e-06
  -3.4221351e-06
  -3.5719635e-06
  -3.7146056e-06
  -3.8495744e-06
  -3.9764166e-06
  -4.0947153e-06
  -4.2040923e-06
  -4.3042103e-06
  -4.3947746e-06
  -4.4755357e-06
  -4.5462897e-06
  -4.6068803e-06
  -4.6571990e-06
  -4.6971857e-06
  -4.7268283e-06
  -4.7461623e-06
  -4.7552697e-06
  -4.7542775e-06
  -4.7433562e-06
  -4.7227177e-06
  -4.6926131e-06
  -4.6533304e-06
  -4.6051916e-06
  -4.5485502e-06
  -4.4837879e-06
  -4.4113112e-06
  -4.3315474e-06
  -4.2449405e-06
  -4.1519465e-06
  -4.0530290e-06
  -3.9486536e-06
  -3.8392837e-06
  -3.7253753e-06
  -3.6073735e-06
  -3.4857081e-06
  -3.3607913e-06
  -3.2330152e-06
  -3.1027510e-06
  -2.9703482e-06
  -2.8361349e-06
  -2.7004190e-06
  -2.5634895e-06
  -2.4256178e-06
  -2.2870604e-06
  -2.1480599e-06
  -2.0088468e-06
  -1.8696413e-06
  -1.7306536e-06
  -1.5920856e-06
  -1.4541307e-06
  -1.3169743e-06
  -1.1807940e-06
  -1.0457593e-06
  -9.1203157e-07
  -7.7976301e-07
  -6.4909664e-07
  -5.2016537e-07
  -3.9309148e-07
  -2.6798601e-07
  -1.4494829e-07
  -2.4065573e-08
   9.4587132e-08
   2.1094707e-07
   3.2496345e-07
   4.3659696e-07
   5.4581882e-07
   6.5260957e-07
   7.5695746e-07
   8.5885646e-07
   9.5830403e-07
   1.0552986e-06
   1.1498371e-06
   1.2419122e-06
   1.3315098e-06
   1.4186068e-06
   1.5031687e-06
   1.5851486e-06
   1.6644850e-06
   1.7411022e-06
   1.8149094e-06
   1.8858015e-06
   1.9536598e-06
   2.0183539e-06
   2.0797430e-06
   2.1376784e-06
   2.1920059e-06
   2.2425682e-06
   2.2892078e-06
   2.3317699e-06
   2.3701045e-06
   2.4040698e-06
   2.4335339e-06
   2.4583779e-06
   2.4784978e-06
   2.4938062e-06
   2.5042347e-06
   2.5097352e-06
   2.5102809e-06
   2.5058671e-06
   2.4965117e-06
   2.4822547e-06
   2.4631572e-06
   2.4393006e-06
   2.4107839e-06
   2.3777222e-06
   2.3402442e-06
   2.2984895e-06
   2.2526062e-06
   2.2027493e-06
   2.1490784e-06
   2.0917564e-06
   2.0309486e-06
   1.9668220e-06
   1.8995455e-06
   1.8292896e-06
   1.7562267e-06
   1.6805316e-06
   1.6023817e-06
   1.5219568e-06
   1.4394393e-06
   1.3550134e-06
   1.2688651e-06
   1.1811814e-06
   1.0921493e-06
   1.0019556e-06
   9.1078567e-07
   8.1882273e-07
   7.2624718e-07
   6.3323590e-07
   5.3996183e-07
   4.4659370e-07
   3.5329606e-07
   2.6022962e-07
   1.6755196e-07
   7.5418500e-08
  -1.6016083e-08
  -1.0659634e-07
  -1.9616426e-07
  -2.8455758e-07
  -3.7160804e-07
  -4.5714005e-07
  -5.4096963e-07
  -6.2290384e-07
  -7.0274071e-07
  -7.8026981e-07
  -8.5527330e-07
  -9.2752747e-07
  -9.9680477e-07
  -1.0628762e-06
  -1.1255137e-06
  -1.1844932e-06
  -1.2395974e-06
  -1.2906186e-06
  -1.3373619e-06
  -1.3796485e-06
  -1.4173187e-06
  -1.4502351e-06
  -1.4782859e-06
  -1.5013876e-06
  -1.5194883e-06
  -1.5325700e-06
  -1.5406507e-06
  -1.5437868e-06
  -1.5420739e-06
  -1.5356479e-06
  -1.5246856e-06
  -1.5094036e-06
  -1.4900576e-06
  -1.4669405e-06
  -1.4403791e-06
  -1.4107314e-06
  -1.3783816e-06
  -1.3437355e-06
  -1.3072147e-06
  -1.2692506e-06
  -1.2302774e-06
  -1.1907260e-06
  -1.1510162e-06
  -1.1115508e-06
  -1.0727084e-06
  -1.0348377e-06
  -9.9825238e-07
  -9.6322624e-07
  -9.2999007e-07
  -8.9872908e-07
  -8.6958160e-07
  -8.4263875e-07
  -8.1794513e-07
  -7.9550032e-07
  -7.7526120e-07
  -7.5714480e-07
  -7.4103176e-07
  -7.2677006e-07
  -7.1417911e-07
  -7.0305398e-07
  -6.9316969e-07
  -6.8428553e-07
  -6.7614919e-07
  -6.6850071e-07
  -6.6107615e-07
  -6.5361092e-07
  -6.4584282e-07
  -6.3751484e-07
  -6.2837780e-07
  -6.1819289e-07
  -6.0673430e-07
  -5.9379183e-07
  -5.7917365e-07
  -5.6270901e-07
  -5.4425098e-07
  -5.2367886e-07
  -5.0090037e-07
  -4.7585328e-07
  -4.4850661e-07
  -4.1886125e-07
  -3.8694999e-07
  -3.5283711e-07
  -3.1661738e-07
  -2.7841467e-07
  -2.3838027e-07
  -1.9669079e-07
  -1.5354588e-07
  -1.0916569e-07
  -6.3788090e-08
  -1.7665732e-08
   2.8937213e-08
   7.5748531e-08
   1.2249171e-07
   1.6888997e-07
   2.1467049e-07
   2.5956880e-07
   3.0333332e-07
   3.4572979e-07
   3.8654552e-07
   4.2559338e-07
   4.6271529e-07
   4.9778501e-07
   5.3071039e-07
   5.6143464e-07
   5.8993692e-07
   6.1623199e-07
   6.4036906e-07
   6.6242980e-07
   6.8252558e-07
   7.0079407e-07
   7.1739525e-07
   7.3250692e-07
   7.4631996e-07
   7.5903337e-07
   7.7084934e-07
   7.8196836e-07
   7.9258464e-07
   8.0288174e-07
   8.1302866e-07
   8.2317633e-07
   8.3345456e-07
   8.4396960e-07
   8.5480224e-07
   8.6600664e-07
   8.7760987e-07
   8.8961222e-07
   9.0198838e-07
   9.1468938e-07
   9.2764546e-07
   9.4076969e-07
   9.5396232e-07
   9.6711578e-07
   9.8012004e-07
   9.9286826e-07
   1.0052623e-06
   1.0172182e-06
   1.0286704e-06
   1.0395763e-06
   1.0499181e-06
   1.0597051e-06
   1.0689731e-06
   1.0777834e-06
   1.0862200e-06
   1.0943849e-06
   1.1023937e-06
   1.1103695e-06
   1.1184362e-06
   1.1267128e-06
   1.1353072e-06
   1.1443111e-06
   1.1537958e-06
   1.1638092e-06
   1.1743742e-06
   1.1854880e-06
   1.1971229e-06
   1.2092277e-06
   1.2217302e-06
   1.2345407e-06
   1.2475547e-06
   1.2606575e-06
   1.2737274e-06
   1.2866397e-06
   1.2992706e-06
   1.3115002e-06
   1.3232157e-06
   1.3343142e-06
   1.3447046e-06
   1.3543102e-06
   1.3630694e-06
   1.3709376e-06
   1.3778876e-06
   1.3839104e-06
   1.3890156e-06
   1.3932312e-06
   1.3966039e-06
   1.3991982e-06
   1.4010957e-06
   1.4023943e-06
   1.4032061e-06
   1.4036560e-06
   1.4038789e-06
   1.4040171e-06
   1.4042170e-06
   1.4046258e-06
   1.4053873e-06
   1.4066387e-06
   1.4085065e-06
   1.4111027e-06
   1.4145213e-06
   1.4188357e-06
   1.4240953e-06
   1.4303238e-06
   1.4375170e-06
   1.4456420e-06
   1.4546361e-06
   1.4644066e-06
   1.4748315e-06
   1.4857604e-06
   1.4970163e-06
   1.5083976e-06
   1.5196811e-06
   1.5306253e-06
   1.5409737e-06
   1.5504587e-06
   1.5588053e-06
   1.5657352e-06
   1.5709708e-06
   1.5742382e-06
   1.5752714e-06
   1.5738152e-06
   1.5696284e-06
   1.5624866e-06
   1.5521846e-06
   1.5385388e-06
   1.5213898e-06
   1.5006032e-06
   1.4760724e-06
   1.4477190e-06
   1.4154941e-06
   1.3793789e-06
   1.3393850e-06
   1.2955541e-06
   1.2479576e-06
   1.1966954e-06
   1.1418947e-06
   1.0837080e-06
   1.0223113e-06
   9.5790161e-07
   8.9069412e-07
   8.2091952e-07
   7.4882107e-07
   6.7465164e-07
   5.9867081e-07
   5.2114206e-07
   4.4233008e-07
   3.6249824e-07
   2.8190620e-07
   2.0080765e-07
   1.1944813e-07
   3.8062941e-08
  -4.3124925e-08
  -1.2390677e-07
  -2.0409009e-07
  -2.8350032e-07
  -3.6198235e-07
  -4.3940172e-07
  -5.1564551e-07
  -5.9062271e-07
  -6.6426424e-07
  -7.3652240e-07
  -8.0736982e-07
  -8.7679786e-07
  -9.4481433e-07
  -1.0114407e-06
  -1.0767085e-06
  -1.1406553e-06
  -1.2033197e-06
  -1.2647367e-06
  -1.3249317e-06
  -1.3839153e-06
  -1.4416777e-06
  -1.4981839e-06
  -1.5533688e-06
  -1.6071340e-06
  -1.6593443e-06
  -1.7098272e-06
  -1.7583713e-06
  -1.8047283e-06
  -1.8486148e-06
  -1.8897162e-06
  -1.9276912e-06
  -1.9621787e-06
  -1.9928037e-06
  -2.0191860e-06
  -2.0409485e-06
  -2.0577255e-06
  -2.0691721e-06
  -2.0749727e-06
  -2.0748496e-06
  -2.0685701e-06
  -2.0559543e-06
  -2.0368800e-06
  -2.0112877e-06
  -1.9791834e-06
  -1.9406407e-06
  -1.8958007e-06
  -1.8448707e-06
  -1.7881217e-06
  -1.7258845e-06
  -1.6585445e-06
  -1.5865360e-06
  -1.5103357e-06
  -1.4304558e-06
  -1.3474367e-06
  -1.2618399e-06
  -1.1742406e-06
  -1.0852213e-06
  -9.9536431e-07
  -9.0524629e-07
  -8.1543189e-07
  -7.2646853e-07
  -6.3888158e-07
  -5.5317001e-07
  -4.6980264e-07
  -3.8921497e-07
  -3.1180653e-07
  -2.3793868e-07
  -1.6793302e-07
  -1.0207008e-07
  -4.0588629e-08
   1.6314730e-08
   6.8485521e-08
   1.1581103e-07
   1.5821961e-07
   1.9567968e-07
   2.2819850e-07
   2.5582068e-07
   2.7862650e-07
   2.9673017e-07
   3.1027797e-07
   3.1944637e-07
   3.2444025e-07
   3.2549114e-07
   3.2285549e-07
   3.1681300e-07
   3.0766492e-07
   2.9573229e-07
   2.8135390e-07
   2.6488416e-07
   2.4669051e-07
   2.2715034e-07
   2.0664746e-07
   1.8556802e-07
   1.6429588e-07
   1.4320754e-07
   1.2266681e-07
   1.0301939e-07
   8.4587425e-08
   6.7664570e-08
   5.2511415e-08
   3.9351696e-08
   2.8369301e-08
   1.9706209e-08
   1.3461348e-08
   9.6903376e-09
   8.4060199e-09
   9.5796663e-09
   1.3142720e-08
   1.8988966e-08
   2.6977014e-08
   3.6933028e-08
   4.8653611e-08
   6.1908837e-08
   7.6445384e-08
   9.1989760e-08
   1.0825161e-07
   1.2492712e-07
   1.4170250e-07
   1.5825756e-07
   1.7426942e-07
   1.8941618e-07
   2.0338063e-07
   2.1585392e-07
   2.2653899e-07
   2.3515381e-07
   2.4143425e-07
   2.4513650e-07
   2.4603910e-07
   2.4394445e-07
   2.3867990e-07
   2.3009841e-07
   2.1807880e-07
   2.0252579e-07
   1.8336971e-07
   1.6056605e-07
   1.3409495e-07
   1.0396061e-07
   7.0190689e-08
   3.2835822e-08
  -8.0308826e-09
  -5.2314262e-08
  -9.9897544e-08
  -1.5064280e-07
  -2.0439147e-07
  -2.6096489e-07
  -3.2016495e-07
  -3.8177482e-07
  -4.4555968e-07
  -5.1126760e-07
  -5.7863051e-07
  -6.4736522e-07
  -7.1717467e-07
  -7.8774932e-07
  -8.5876867e-07
  -9.2990317e-07
  -1.0008162e-06
  -1.0711665e-06
  -1.1406109e-06
  -1.2088071e-06
  -1.2754172e-06
  -1.3401112e-06
  -1.4025708e-06
  -1.4624934e-06
  -1.5195960e-06
  -1.5736194e-06
  -1.6243321e-06
  -1.6715336e-06
  -1.7150580e-06
  -1.7547764e-06
  -1.7905993e-06
  -1.8224779e-06
  -1.8504058e-06
  -1.8744183e-06
  -1.8945932e-06
  -1.9110488e-06
  -1.9239428e-06
  -1.9334697e-06
  -1.9398576e-06
  -1.9433645e-06
  -1.9442740e-06
  -1.9428902e-06
  -1.9395329e-06
  -1.9345321e-06
  -1.9282226e-06
  -1.9209387e-06
  -1.9130094e-06
  -1.9047537e-06
  -1.8964767e-06
  -1.8884661e-06
  -1.8809898e-06
  -1.8742934e-06
  -1.8685993e-06
  -1.8641055e-06
  -1.8609853e-06
  -1.8593867e-06
  -1.8594325e-06
  -1.8612195e-06
  -1.8648187e-06
  -1.8702740e-06
  -1.8776017e-06
  -1.8867898e-06
  -1.8977966e-06
  -1.9105503e-06
  -1.9249486e-06
  -1.9408579e-06
  -1.9581141e-06
  -1.9765227e-06
  -1.9958603e-06
  -2.0158761e-06
  -2.0362941e-06
  -2.0568163e-06
  -2.0771261e-06
  -2.0968924e-06
  -2.1157749e-06
  -2.1334292e-06
  -2.1495127e-06
  -2.1636909e-06
  -2.1756431e-06
  -2.1850691e-06
  -2.1916942e-06
  -2.1952746e-06
  -2.1956018e-06
  -2.1925059e-06
  -2.1858584e-06
  -2.1755733e-06
  -2.1616080e-06
  -2.1439617e-06
  -2.1226747e-06
  -2.0978252e-06
  -2.0695257e-06
  -2.0379192e-06
  -2.0031742e-06
  -1.9654800e-06
  -1.9250410e-06
  -1.8820718e-06
  -1.8367920e-06
  -1.7894216e-06
  -1.7401770e-06
  -1.6892671e-06
  -1.6368916e-06
  -1.5832383e-06
  -1.5284822e-06
  -1.4727855e-06
  -1.4162973e-06
  -1.3591549e-06
  -1.3014843e-06
  -1.2434021e-06
  -1.1850165e-06
  -1.1264293e-06
  -1.0677370e-06
  -1.0090325e-06
  -9.5040641e-07
  -8.9194825e-07
  -8.3374776e-07
  -7.7589599e-07
  -7.1848626e-07
  -6.6161505e-07
  -6.0538256e-07
  -5.4989309e-07
  -4.9525503e-07
  -4.4158069e-07
  -3.8898580e-07
  -3.3758885e-07
  -2.8751045e-07
  -2.3887260e-07
  -1.9179818e-07
  -1.4641057e-07
  -1.0283356e-07
  -6.1191446e-08
  -2.1609289e-08
   1.5786711e-08
   5.0868822e-08
   8.3507491e-08
   1.1357122e-07
   1.4092671e-07
   1.6543934e-07
   1.8697400e-07
   2.0539640e-07
   2.2057475e-07
   2.3238196e-07
   2.4069833e-07
   2.4541459e-07
   2.4643529e-07
   2.4368245e-07
   2.3709917e-07
   2.2665314e-07
   2.1233979e-07
   1.9418480e-07
   1.7224599e-07
   1.4661423e-07
   1.1741347e-07
   8.4799731e-08
   4.8959166e-08
   1.0105135e-08
  -3.1525499e-08
  -7.5676760e-08
  -1.2207844e-07
  -1.7045130e-07
  -2.2051228e-07
  -2.7197972e-07
  -3.2457816e-07
  -3.7804278e-07
  -4.3212320e-07
  -4.8658670e-07
  -5.4122075e-07
  -5.9583488e-07
  -6.5026205e-07
  -7.0435942e-07
  -7.5800861e-07
  -8.1111560e-07
  -8.6361004e-07
  -9.1544418e-07
  -9.6659125e-07
  -1.0170435e-06
  -1.0668099e-06
  -1.1159131e-06
  -1.1643866e-06
  -1.2122715e-06
  -1.2596132e-06
  -1.3064578e-06
  -1.3528494e-06
  -1.3988268e-06
  -1.4444216e-06
  -1.4896553e-06
  -1.5345384e-06
  -1.5790682e-06
  -1.6232287e-06
  -1.6669893e-06
  -1.7103049e-06
  -1.7531163e-06
  -1.7953503e-06
  -1.8369207e-06
  -1.8777296e-06
  -1.9176686e-06
  -1.9566199e-06
  -1.9944581e-06
  -2.0310513e-06
  -2.0662627e-06
  -2.0999515e-06
  -2.1319741e-06
  -2.1621852e-06
  -2.1904385e-06
  -2.2165881e-06
  -2.2404886e-06
  -2.2619967e-06
  -2.2809717e-06
  -2.2972763e-06
  -2.3107775e-06
  -2.3213468e-06
  -2.3288612e-06
  -2.3332031e-06
  -2.3342604e-06
  -2.3319268e-06
  -2.3261013e-06
  -2.3166885e-06
  -2.3035989e-06
  -2.2867494e-06
  -2.2660637e-06
  -2.2414743e-06
  -2.2129233e-06
  -2.1803644e-06
  -2.1437650e-06
  -2.1031079e-06
  -2.0583933e-06
  -2.0096403e-06
  -1.9568888e-06
  -1.9001997e-06
  -1.8396557e-06
  -1.7753616e-06
  -1.7074432e-06
  -1.6360469e-06
  -1.5613381e-06
  -1.4834996e-06
  -1.4027298e-06
  -1.3192404e-06
  -1.2332547e-06
  -1.1450053e-06
  -1.0547317e-06
  -9.6267903e-07
  -8.6909560e-07
  -7.7423161e-07
  -6.7833759e-07
  -5.8166320e-07
  -4.8445619e-07
  -3.8696156e-07
  -2.8942096e-07
  -1.9207223e-07
  -9.5149088e-08
   1.1191172e-09
   9.6507694e-08
   1.9079697e-07
   2.8377277e-07
   3.7522712e-07
   4.6495898e-07
   5.5277519e-07
   6.3849127e-07
   7.2193218e-07
   8.0293290e-07
   8.8133856e-07
   9.5700443e-07
   1.0297954e-06
   1.0995850e-06
   1.1662546e-06
   1.2296918e-06
   1.2897889e-06
   1.3464418e-06
   1.3995482e-06
   1.4490067e-06
   1.4947158e-06
   1.5365737e-06
   1.5744777e-06
   1.6083249e-06
   1.6380130e-06
   1.6634417e-06
   1.6845140e-06
   1.7011391e-06
   1.7132342e-06
   1.7207274e-06
   1.7235605e-06
   1.7216914e-06
   1.7150968e-06
   1.7037745e-06
   1.6877456e-06
   1.6670561e-06
   1.6417781e-06
   1.6120113e-06
   1.5778827e-06
   1.5395473e-06
   1.4971868e-06
   1.4510087e-06
   1.4012445e-06
   1.3481470e-06
   1.2919871e-06
   1.2330508e-06
   1.1716346e-06
   1.1080412e-06
   1.0425753e-06
   9.7553885e-07
   9.0722682e-07
   8.3792312e-07
   7.6789700e-07
   6.9739990e-07
   6.2666299e-07
   5.5589524e-07
   4.8528220e-07
   4.1498544e-07
   3.4514252e-07
   2.7586770e-07
   2.0725292e-07
   1.3936926e-07
   7.2268639e-08
   5.9856344e-09
  -5.9460576e-08
  -1.2406425e-07
  -1.8783111e-07
  -2.5077639e-07
  -3.1292296e-07
  -3.7429937e-07
  -4.3493805e-07
  -4.9487352e-07
  -5.5414062e-07
  -6.1277291e-07
  -6.7080105e-07
  -7.2825134e-07
  -7.8514426e-07
  -8.4149309e-07
  -8.9730253e-07
  -9.5256735e-07
  -1.0072710e-06
  -1.0613844e-06
  -1.1148644e-06
  -1.1676526e-06
  -1.2196744e-06
  -1.2708382e-06
  -1.3210342e-06
  -1.3701348e-06
  -1.4179938e-06
  -1.4644476e-06
  -1.5093152e-06
  -1.5523995e-06
  -1.5934890e-06
  -1.6323595e-06
  -1.6687766e-06
  -1.7024984e-06
  -1.7332784e-06
  -1.7608695e-06
  -1.7850274e-06
  -1.8055150e-06
  -1.8221061e-06
  -1.8345904e-06
  -1.8427770e-06
  -1.8464988e-06
  -1.8456157e-06
  -1.8400176e-06
  -1.8296274e-06
  -1.8144019e-06
  -1.7943339e-06
  -1.7694514e-06
  -1.7398180e-06
  -1.7055308e-06
  -1.6667191e-06
  -1.6235408e-06
  -1.5761791e-06
  -1.5248385e-06
  -1.4697404e-06
  -1.4111175e-06
  -1.3492097e-06
  -1.2842586e-06
  -1.2165035e-06
  -1.1461772e-06
  -1.0735028e-06
  -9.9869151e-07
  -9.2194049e-07
  -8.4343255e-07
  -7.6333596e-07
  -6.8180535e-07
  -5.9898327e-07
  -5.1500236e-07
  -4.2998808e-07
  -3.4406181e-07
  -2.5734417e-07
  -1.6995840e-07
  -8.2033635e-08
   6.2920269e-09
   9.4868868e-08
   1.8353337e-07
   2.7210663e-07
   3.6039343e-07
   4.4818210e-07
   5.3524495e-07
   6.2133962e-07
   7.0621090e-07
   7.8959327e-07
   8.7121389e-07
   9.5079596e-07
   1.0280624e-06
   1.1027396e-06
   1.1745610e-06
   1.2432709e-06
   1.3086277e-06
   1.3704066e-06
   1.4284024e-06
   1.4824308e-06
   1.5323299e-06
   1.5779602e-06
   1.6192045e-06
   1.6559667e-06
   1.6881703e-06
   1.7157558e-06
   1.7386792e-06
   1.7569085e-06
   1.7704222e-06
   1.7792071e-06
   1.7832570e-06
   1.7825725e-06
   1.7771606e-06
   1.7670363e-06
   1.7522244e-06
   1.7327621e-06
   1.7087019e-06
   1.6801150e-06
   1.6470950e-06
   1.6097607e-06
   1.5682594e-06
   1.5227686e-06
   1.4734980e-06
   1.4206900e-06
   1.3646190e-06
   1.3055910e-06
   1.2439408e-06
   1.1800295e-06
   1.1142407e-06
   1.0469767e-06
   9.7865378e-07
   9.0969781e-07
   8.4053960e-07
   7.7161028e-07
   7.0333692e-07
   6.3613831e-07
   5.7042100e-07
   5.0657551e-07
   4.4497275e-07
   3.8596070e-07
   3.2986119e-07
   2.7696695e-07
   2.2753894e-07
   1.8180402e-07
   1.3995296e-07
   1.0213904e-07
   6.8477027e-08
   3.9042850e-08
   1.3873647e-08
  -7.0315960e-09
  -2.3710992e-08
  -3.6238289e-08
  -4.4721054e-08
  -4.9298518e-08
  -5.0139134e-08
  -4.7437829e-08
  -4.1412994e-08
  -3.2303212e-08
  -2.0363754e-08
  -5.8628755e-09
   1.0922047e-08
   2.9708520e-08
   5.0213015e-08
   7.2155076e-08
   9.5261376e-08
   1.1926964e-07
   1.4393237e-07
   1.6902029e-07
   1.9432538e-07
   2.1966345e-07
   2.4487617e-07
   2.6983241e-07
   2.9442894e-07
   3.1859056e-07
   3.4226947e-07
   3.6544433e-07
   3.8811879e-07
   4.1031963e-07
   4.3209475e-07
   4.5351083e-07
   4.7465090e-07
   4.9561179e-07
   5.1650159e-07
   5.3743712e-07
   5.5854154e-07
   5.7994206e-07
   6.0176771e-07
   6.2414740e-07
   6.4720788e-07
   6.7107199e-07
   6.9585695e-07
   7.2167276e-07
   7.4862073e-07
   7.7679209e-07
   8.0626665e-07
   8.3711160e-07
   8.6938043e-07
   9.0311194e-07
   9.3832958e-07
   9.7504095e-07
   1.0132378e-06
   1.0528961e-06
   1.0939770e-06
   1.1364276e-06
   1.1801825e-06
   1.2251652e-06
   1.2712899e-06
   1.3184634e-06
   1.3665875e-06
   1.4155604e-06
   1.4652790e-06
   1.5156410e-06
   1.5665465e-06
   1.6178992e-06
   1.6696078e-06
   1.7215865e-06
   1.7737554e-06
   1.8260395e-06
   1.8783687e-06
   1.9306758e-06
   1.9828956e-06
   2.0349629e-06
   2.0868113e-06
   2.1383716e-06
   2.1895709e-06
   2.2403320e-06
   2.2905731e-06
   2.3402083e-06
   2.3891476e-06
   2.4372978e-06
   2.4845633e-06
   2.5308470e-06
   2.5760506e-06
   2.6200755e-06
   2.6628231e-06
   2.7041949e-06
   2.7440933e-06
   2.7824216e-06
   2.8190842e-06
   2.8539876e-06
   2.8870407e-06
   2.9181561e-06
   2.9472514e-06
   2.9742503e-06
   2.9990851e-06
   3.0216985e-06
   3.0420461e-06
   3.0600988e-06
   3.0758460e-06
   3.0892974e-06
   3.1004859e-06
   3.1094690e-06
   3.1163301e-06
   3.1211791e-06
   3.1241516e-06
   3.1254073e-06
   3.1251279e-06
   3.1235135e-06
   3.1207784e-06
   3.1171462e-06
   3.1128445e-06
   3.1080995e-06
   3.1031300e-06
   3.0981419e-06
   3.0933227e-06
   3.0888366e-06
   3.0848205e-06
   3.0813799e-06
   3.0785861e-06
   3.0764748e-06
   3.0750446e-06
   3.0742574e-06
   3.0740392e-06
   3.0742821e-06
   3.0748472e-06
   3.0755679e-06
   3.0762548e-06
   3.0766999e-06
   3.0766822e-06
   3.0759735e-06
   3.0743441e-06
   3.0715688e-06
   3.0674330e-06
   3.0617381e-06
   3.0543073e-06
   3.0449898e-06
   3.0336657e-06
   3.0202486e-06
   3.0046891e-06
   2.9869754e-06
   2.9671347e-06
   2.9452325e-06
   2.9213708e-06
   2.8956863e-06
   2.8683465e-06
   2.8395461e-06
   2.8095024e-06
   2.7784500e-06
   2.7466363e-06
   2.7143160e-06
   2.6817468e-06
   2.6491849e-06
   2.6168809e-06
   2.5850770e-06
   2.5540036e-06
   2.5238773e-06
   2.4948988e-06
   2.4672518e-06
   2.4411013e-06
   2.4165935e-06
   2.3938546e-06
   2.3729902e-06
   2.3540852e-06
   2.3372030e-06
   2.3223855e-06
   2.3096521e-06
   2.2990003e-06
   2.2904050e-06
   2.2838188e-06
   2.2791722e-06
   2.2763746e-06
   2.2753144e-06
   2.2758611e-06
   2.2778666e-06
   2.2811670e-06
   2.2855848e-06
   2.2909317e-06
   2.2970105e-06
   2.3036179e-06
   2.3105470e-06
   2.3175893e-06
   2.3245366e-06
   2.3311831e-06
   2.3373260e-06
   2.3427671e-06
